1418
0.00132975
0.00352022
0.00266654
0.00160679
0.0014027
0.00307367
0.00191784
0.00159573
0.000442708
0.00716795
0.00998594
0.00303632
0.00269941
0.00566297
0.00990493
0.00958255
0.00703074
0.00162255
0.0106814
0.00926624
0.01338
0.0171673
0.0126212
0.0100045
0.00954982
0.00798075
0.00185769
0.0245834
0.0103646
0.0394112
0.0465827
0.0303281
0.01623
0.0102747
0.00831712
0.00195279
0.0297209
0.0202678
0.0895995
0.107887
0.0494214
0.0264946
0.0146481
0.00866678
0.0020946
0.0206827
0.048864
0.183612
0.216674
0.0712977
0.039896
0.0216362
0.0139718
0.00246686
0.0132577
0.107498
0.221751
0.225984
0.0730358
0.0503853
0.0275016
0.0182283
0.00375816
0.0367294
0.171655
0.2321
0.211851
0.0829724
0.0686581
0.0396453
0.028619
0.00684263
0.0176898
0.0668352
0.0687471
0.0703751
0.0376755
0.0256357
0.0170135
0.0140088
0.00454167
0.00336658
0.0100484
0.00828257
0.00328136
0.00268132
0.00456845
0.00372718
0.00277844
0.000794372
0.0211594
0.0510462
0.0285598
0.0122616
0.00598874
0.0104978
0.00962909
0.0110705
0.00393701
0.0407299
0.0815471
0.0170399
0.0203452
0.0248926
0.0128509
0.0101674
0.0112405
0.00406712
0.0906559
0.196864
0.0448197
0.116486
0.0690565
0.026059
0.0150228
0.0113836
0.00401005
0.137202
0.258727
0.214108
0.395266
0.162051
0.0573888
0.0240285
0.0181013
0.00369587
0.123654
0.157919
0.39629
0.696412
0.254069
0.0651332
0.0328996
0.0254126
0.00536052
0.0517851
0.107456
0.593633
0.731507
0.230311
0.0679689
0.0377487
0.0287398
0.0075439
0.0380975
0.337056
0.66165
0.530914
0.237225
0.11452
0.0636899
0.0487701
0.0148993
0.0310107
0.136191
0.151447
0.123682
0.0874264
0.0555406
0.0332368
0.027986
0.0107969
0.00224672
0.0109333
0.00594096
0.00349953
0.000814202
0.00241023
0.00230797
0.00138359
0.000429143
0.017019
0.0570394
0.030803
0.0207752
0.00530382
0.00288204
0.00372078
0.00559404
0.00228257
0.0309451
0.112574
0.0622757
0.0133694
0.0091273
0.0188232
0.00377238
0.00567026
0.00278558
0.0749412
0.227413
0.0499468
0.110203
0.044057
0.0459441
0.00694016
0.00720003
0.00243793
0.13095
0.457381
0.187828
0.532381
0.13402
0.0742494
0.014687
0.00983279
0.00234327
0.146828
0.391928
0.272236
0.638973
0.122118
0.0674131
0.0214196
0.0099326
0.00239712
0.0760208
0.300608
0.497211
0.605438
0.13206
0.0376648
0.0194741
0.0108399
0.00361116
0.0105506
0.199247
0.56943
0.436405
0.108218
0.0442641
0.0205975
0.0190199
0.00793317
0.0202561
0.0778251
0.118638
0.0775127
0.0420969
0.0176042
0.0125227
0.0141316
0.0056154
0.00287547
0.0146651
0.0116707
0.00655329
0.00134366
0.00275939
0.00274498
0.00171596
0.000540146
0.026727
0.118303
0.0869721
0.0461773
0.0203718
0.00362444
0.00267165
0.00597426
0.00273658
0.0517382
0.233027
0.178867
0.127117
0.0689011
0.0405854
0.0103594
0.00571795
0.00322599
0.140975
0.52098
0.167005
0.365178
0.0847484
0.145617
0.0279183
0.00735708
0.00365208
0.221843
0.810759
0.665518
1.16229
0.185472
0.194132
0.0348644
0.0108793
0.0026572
0.208421
1.29817
0.384993
0.802574
0.10748
0.120552
0.0234591
0.0110904
0.00291175
0.105887
0.671545
0.51713
0.487616
0.126906
0.0630099
0.0216568
0.012067
0.00286572
0.0142907
0.283548
0.735439
0.273566
0.0968449
0.0482247
0.023566
0.0144177
0.00692095
0.0223049
0.115078
0.149576
0.0769871
0.0319438
0.0128029
0.00841597
0.0127653
0.00646772
0.00496084
0.0246801
0.0242617
0.012041
0.001776
0.00200469
0.00268208
0.00210377
0.000520665
0.0268136
0.151567
0.198289
0.159956
0.0630645
0.0168035
0.00299683
0.00698706
0.00323629
0.0710458
0.349326
0.455864
0.42015
0.536592
0.123333
0.0153463
0.00676444
0.00414276
0.127147
0.692237
0.389571
1.34424
0.517817
0.25642
0.0602241
0.00803831
0.00431052
0.304456
1.19187
0.815013
2.53796
0.673118
0.46364
0.106812
0.0124657
0.00356465
0.202135
1.95383
0.649897
1.41921
0.572827
0.373272
0.0762998
0.0122076
0.0034362
0.127656
1.43526
0.77707
1.04167
0.29142
0.165038
0.0192661
0.01066
0.00231542
0.0181926
0.337266
0.919089
0.492394
0.151541
0.0769705
0.0214922
0.0133217
0.00723915
0.0209924
0.13565
0.126585
0.0627986
0.0280193
0.0140101
0.0095135
0.0100838
0.00686856
0.0025794
0.0112538
0.0169352
0.00960273
0.0019777
0.00159721
0.00172104
0.00119306
0.000399991
0.0216514
0.0959075
0.115767
0.12796
0.0575575
0.0167422
0.00139885
0.00385269
0.00199312
0.0412751
0.19566
0.297783
0.310046
0.335865
0.0668042
0.0148935
0.00311284
0.00202971
0.0635713
0.339638
0.35728
1.48352
0.936573
0.367189
0.0373437
0.0038911
0.00287
0.092487
0.534744
0.418641
2.8947
1.21373
0.599838
0.0813801
0.00443704
0.00217053
0.069043
1.2667
1.16777
1.45618
0.870656
0.565464
0.0785038
0.00542065
0.00223111
0.0726069
1.31988
0.561759
1.1424
0.309716
0.162695
0.0196429
0.00496754
0.00117018
0.00981043
0.173495
0.776893
0.412464
0.108616
0.049023
0.0117987
0.00695345
0.00200197
0.00775441
0.0637355
0.0607894
0.0430691
0.0145826
0.00516554
0.00531652
0.0067889
0.00413439
0.00333433
0.0204972
0.0189844
0.0121094
0.00450506
0.00112496
0.00202074
0.00132238
0.000298965
0.0112272
0.0807224
0.115648
0.13068
0.0943981
0.0279434
0.00202438
0.00434591
0.00227172
0.0195009
0.1522
0.261222
0.339589
0.631107
0.164456
0.0151334
0.00244685
0.00241886
0.0273636
0.193413
0.309365
1.43861
1.35189
0.45553
0.0746311
0.00423215
0.00285338
0.0567389
0.340607
0.47408
5.51596
2.5893
0.861021
0.116732
0.00895943
0.00271988
0.100263
1.23726
1.71765
5.24678
2.02902
0.785635
0.117307
0.00794015
0.00118123
0.0585541
1.46813
0.876679
2.54934
0.558145
0.205935
0.0472078
0.0044707
0.00107956
0.0108356
0.18415
0.911235
0.580046
0.153778
0.0608113
0.0151614
0.00902042
0.00315946
0.0155068
0.0540166
0.0776435
0.0232913
0.0110644
0.00863023
0.00465731
0.00559359
0.00343765
0.00219446
0.0196133
0.0176998
0.00791066
0.00297442
0.00146599
0.000978519
0.0015457
0.000504445
0.0102345
0.0853471
0.128903
0.129608
0.0804794
0.0272952
0.00295666
0.00389749
0.00173931
0.0198613
0.0825495
0.185059
0.284181
0.380435
0.130454
0.0167233
0.00430937
0.00236283
0.0426476
0.126029
0.21534
1.4353
2.18277
0.550372
0.0732516
0.00466244
0.00269696
0.0438202
0.296859
0.474072
6.48456
4.56409
1.05063
0.136396
0.00870012
0.00262693
0.0595659
1.27954
2.31175
8.88536
2.44904
0.632126
0.0909351
0.0113339
0.00245441
0.0529676
1.55737
1.07616
4.85728
0.762421
0.342808
0.0458956
0.00835833
0.000768593
0.00630988
0.18693
1.09159
0.703176
0.204486
0.102312
0.0112571
0.0125513
0.00249485
0.00693172
0.043858
0.0420048
0.0364921
0.0207853
0.0109574
0.00544421
0.00604912
0.00336389
0.00207523
0.0194312
0.0176523
0.00956853
0.00153331
0.00169812
0.00230039
0.00138546
0.000429596
0.0103513
0.0662963
0.118308
0.116905
0.0474363
0.0169083
0.00377754
0.00493202
0.00223916
0.0139355
0.0873499
0.184968
0.278174
0.384822
0.124032
0.0211807
0.00286885
0.00308816
0.02243
0.117836
0.275209
0.918251
1.50441
0.516737
0.0713671
0.00359271
0.00312424
0.0362307
0.272074
0.367545
3.12582
2.70946
0.892155
0.143425
0.00796156
0.00237464
0.0443771
0.707824
1.77092
4.61947
1.87698
0.717667
0.119723
0.0136865
0.001087
0.0276826
1.13774
0.863521
5.01043
0.429266
0.441971
0.0659997
0.0071725
0.00114427
0.00731893
0.175892
1.17516
0.8093
0.259417
0.0712806
0.0218725
0.00718606
0.00242882
0.00879862
0.0534924
0.0472091
0.0200846
0.0124876
0.00915281
0.00533409
0.0065666
0.00160404
0.00173385
0.00762994
0.0131644
0.00547592
0.00124762
0.000597047
0.000714747
0.000388921
0.000148056
0.00450199
0.0248723
0.0363639
0.0394447
0.0272683
0.00314881
0.00180668
0.00234638
0.00129801
0.000789691
0.0505162
0.10264
0.161386
0.125029
0.0654191
0.0105939
0.00132912
0.00123287
0.00188831
0.0718899
0.148123
0.140666
0.419502
0.212712
0.0326522
0.00301449
0.00185163
0.00357695
0.0878637
0.141354
0.896593
0.700405
0.393559
0.0671189
0.00393506
0.00165441
0.0193565
0.318449
0.576329
1.22307
0.794741
0.157416
0.0593941
0.00344859
0.00115227
0.0188135
0.779436
0.486756
1.88504
0.227842
0.131828
0.0331125
0.00399837
0.000599487
0.00411743
0.0627028
0.611779
0.437134
0.0706419
0.017738
0.0069135
0.00419715
0.000953627
0.00487004
0.0057597
0.0132741
0.0176335
0.0108556
0.00329774
0.00188852
0.00304873
0.000177416
0.00148763
0.00770353
0.0105332
0.00463527
0.000804071
0.00141043
0.00107178
0.00068204
0.000308926
0.00646595
0.0302272
0.0711422
0.0576036
0.0295736
0.010371
0.00339283
0.00240156
0.000750325
0.00665506
0.0267144
0.113231
0.169863
0.0886373
0.0497566
0.00819212
0.00231935
0.000928073
0.00993594
0.046683
0.0955522
0.280164
0.221308
0.154411
0.0261021
0.00192785
0.00146159
0.0124756
0.0682819
0.162039
0.906906
0.353072
0.168478
0.0551505
0.00711339
0.00166359
0.0152725
0.237651
0.392371
1.93474
0.571691
0.253904
0.0363782
0.00909265
0.000936901
0.0154281
0.377766
0.391887
2.61723
0.372644
0.115155
0.0306447
0.00548699
0.000611308
0.00198878
0.0459589
0.584715
0.51988
0.0899379
0.0471222
0.00894231
0.00514331
0.000751421
0.00146114
0.00934972
0.00745402
0.00415562
0.00550336
0.00392362
0.00201829
0.00184819
0.0168316
0.00185141
0.0107406
0.00107937
0.00108861
0.000718798
0.000706881
8.59229e-05
0.00621452
0.0369857
0.0422484
0.0767879
0.0167465
0.00848569
0.00480642
0.00222921
0.000846787
0.00859016
0.0250378
0.137735
0.214597
0.0815335
0.0429589
0.00933092
0.001641
0.0011171
0.0109075
0.0417274
0.121143
0.253643
0.164729
0.119392
0.0273707
0.00181132
0.00193215
0.0132909
0.0552614
0.166634
1.11035
0.710143
0.111546
0.0447086
0.00156062
0.00183448
0.014784
0.165657
0.30421
2.29663
0.871236
0.149838
0.039719
0.0046562
0.000665124
0.00907268
0.503455
0.685744
4.63842
0.469392
0.142946
0.025264
0.00460945
0.000402486
0.000164341
0.0235592
0.48714
0.67697
0.0694583
0.0274125
0.0103891
0.00375605
0.000445804
0.000280775
0.000457809
0.00133699
0.00492109
0.00292644
0.00269403
0.000802374
0.000809449
0.0128437
0.0127085
0.00460048
0.000864109
0.00151345
0.00162476
0.000572258
0.000323239
0.00670443
0.0480373
0.0612238
0.0582727
0.0257109
0.00778206
0.00416727
0.0029169
0.00134406
0.0110508
0.0524353
0.114039
0.329084
0.0587994
0.0450205
0.00754871
0.00158023
0.00200304
0.0145166
0.0437663
0.0985966
0.327977
0.212895
0.129328
0.0244549
0.00148932
0.00218552
0.0131788
0.0652394
0.190984
1.37647
0.728067
0.105184
0.0327212
0.00362447
0.00218627
0.00655158
0.133173
0.572009
3.76142
1.07883
0.155922
0.0450763
0.0021759
0.00126144
0.340836
1.58988
6.65165
0.398438
0.212385
0.0233353
0.00343197
0.000351762
0.013858
0.391577
1.09421
0.102247
0.0395557
0.0083014
0.00319442
0.000252886
0.00109162
0.00152439
0.00168472
0.0129783
0.0120701
0.00934725
0.000944287
0.0015645
0.000782601
0.000746473
0.000357034
0.00242512
0.052287
0.0884032
0.0588172
0.031005
0.00732221
0.00524
0.00186543
0.00121301
0.00140779
0.0540668
0.226747
0.418078
0.0640012
0.0482745
0.00653735
0.00219623
0.00170855
0.00143911
0.0526172
0.103594
0.409246
0.278492
0.160588
0.0225097
0.00219484
0.00131776
0.00106827
0.029565
0.236093
1.52071
0.676437
0.191579
0.0445745
0.00252651
0.00097273
0.0478291
0.752701
3.33688
1.18692
0.280318
0.038715
0.00878586
0.00115159
0.320284
1.3014
8.70421
1.00855
0.104762
0.0200032
0.00340179
0.000644999
0.00733659
0.413594
1.28111
0.098584
0.036683
0.00520458
0.0018063
0.000988452
0.0011972
0.00994383
0.0136527
0.00560765
0.00233544
0.0019608
0.00234568
0.000817069
0.000597188
0.0211708
0.136618
0.0831511
0.0211319
0.0140331
0.00314671
0.00302487
0.00100754
0.035722
0.361359
0.425813
0.0556387
0.0584399
0.00756427
0.0025277
0.00126102
0.014437
0.169558
0.64228
0.392523
0.242225
0.0290395
0.00187921
0.00157478
0.0142289
0.25957
1.39187
1.81001
0.423033
0.0355389
0.00185812
0.0013596
0.0204313
1.03257
5.06078
2.28326
0.372737
0.0619219
0.00213677
0.000893291
0.0302695
0.514155
8.04969
1.77583
0.24769
0.0331108
0.00260744
0.000489395
0.318031
1.6384
0.122049
0.0257765
0.00553474
0.00179038
0.000451588
0.000510305
0.00152109
0.0146156
0.018104
0.000860243
0.00231054
0.00245013
0.00157323
0.000311899
0.00365037
0.0521227
0.198195
0.075047
0.0107961
0.00641062
0.00202922
0.000630131
0.169803
0.747654
0.0667199
0.0757281
0.00712904
0.00335437
0.00131782
0.000835594
0.123842
1.07088
0.82503
0.311777
0.0284431
0.00243459
0.00169113
0.00169879
0.308732
0.935569
5.62002
0.695136
0.064947
0.00588338
0.00125328
2.08667
9.85954
6.47006
0.527673
0.0297809
0.00832873
0.00100893
9.50118
6.98257
7.30252
0.355022
0.0244579
0.00543408
0.000330975
0.0555527
1.9844
0.70519
0.0320865
0.00446828
0.000749459
0.000146827
0.00035786
0.00947648
0.0208042
0.00345497
0.00272527
0.00118233
0.00108797
0.000334773
0.0509201
0.23083
0.145431
0.0281103
0.00913303
0.00344551
0.0011485
1.47884
0.110739
0.147359
0.00898996
0.00171518
0.00177825
0.117855
1.35197
1.79814
0.513736
0.028371
0.00341923
0.00181384
0.335849
1.97561
5.72396
1.01227
0.0494137
0.0013712
0.00176974
1.24536
22.0673
10.578
0.92586
0.0851101
0.00609309
0.00103551
3.37083
19.4993
15.9628
0.379842
0.0122703
0.0075381
0.000235559
0.722144
0.291801
0.0490638
0.0042806
0.000507034
0.000118424
0.0130577
0.0170126
0.00305138
0.00299577
0.000234108
0.000980629
0.000203349
0.0264269
0.0785567
0.21324
0.0397338
0.0135111
0.00387487
0.00144056
0.824579
0.353104
0.123307
0.0120682
0.00405204
0.000873353
0.0365962
2.42923
2.97299
0.858809
0.0422357
0.001816
0.00251206
0.0578635
3.03654
4.07873
1.41345
0.0971149
0.00480178
0.00213911
13.9576
14.8162
1.11
0.062641
0.00763803
0.00120375
4.24498
12.5113
0.812524
0.0288266
0.00583517
0.000214841
0.0151745
0.0560873
0.0054147
0.000329543
3.84169e-05
0.00603748
0.00951883
0.00870314
0.00104383
0.000132229
0.0188762
0.045414
0.0438571
0.0198655
0.001866
0.00293332
0.00155204
0.211785
0.860031
0.0458092
0.0120264
0.00487757
0.00111169
3.6227
10.3153
0.507711
0.0599895
0.00269349
0.00157074
1.44191
1.09896
1.27486
0.0662044
0.0025729
0.0020658
5.66396
14.9574
1.08546
0.0522237
0.00694572
0.00205013
1.41625
0.451077
0.052377
0.00140226
2.91381e-05
0.00614978
0.00366
9.31582e-05
0.00341733
0.000826253
0.00704355
0.0071924
0.00542591
0.0284095
0.00749415
0.00239312
0.00489949
0.00680294
1.73984
6.15715
0.0806181
0.00799413
0.0116565
0.0144687
0.638292
0.0611364
1.06081
0.14627
0.0179036
0.0175944
4.38743
11.5202
1.34311
0.20663
0.0141048
0.00413958
0.0322327
0.126436
0.0407104
0.00183122
0.00354168
1e-07
