1418
0.0015602
0.00408866
0.00348488
0.00549107
0.0130465
0.018071
0.0115177
0.00924782
0.00304937
0.0118373
0.0128941
0.0165577
0.0121983
0.0235163
0.0373331
0.0393131
0.0328172
0.00844418
0.0208152
0.0249997
0.0353928
0.0364935
0.0177025
0.0113206
0.0144272
0.021173
0.00891042
0.0517728
0.0639074
0.0394112
0.0465827
0.065143
0.133516
0.0846045
0.0185838
0.00773526
0.0719413
0.099935
0.0895995
0.107887
0.15478
0.286356
0.156457
0.066721
0.00522138
0.0643552
0.0694285
0.203992
0.260394
0.234916
0.344745
0.230154
0.0968636
0.00925951
0.0132577
0.140114
0.404019
0.365015
0.118603
0.322549
0.240634
0.0942594
0.0127489
0.0968816
0.492194
0.683047
0.560168
0.151203
0.187885
0.155291
0.0906661
0.02744
0.0807158
0.305447
0.32809
0.325355
0.12843
0.0664008
0.0483589
0.0506423
0.0195313
0.00336658
0.0102003
0.0097435
0.0120382
0.0242049
0.026466
0.0212601
0.0184603
0.00678569
0.0255376
0.0510462
0.031653
0.0357899
0.0377172
0.0511986
0.0362313
0.0342737
0.0176677
0.0558343
0.127813
0.0343006
0.0222835
0.0818295
0.194929
0.101577
0.0211174
0.0132647
0.163427
0.543811
0.296319
0.116486
0.415018
0.592159
0.385523
0.150644
0.00528351
0.30647
1.04154
0.505189
0.395266
0.682802
1.13059
0.72983
0.278619
0.0274017
0.304551
0.93879
0.39629
0.696412
0.888205
1.03553
0.643695
0.334049
0.0504936
0.126682
0.107456
0.860265
0.792054
0.598753
0.85809
0.56065
0.297077
0.0506393
0.140785
1.06754
1.77273
0.993407
0.408657
0.600608
0.376504
0.196092
0.0576752
0.119624
0.474537
0.596866
0.536265
0.246369
0.15776
0.096542
0.100724
0.0538834
0.00224672
0.0109333
0.00614618
0.00581878
0.00815196
0.0141937
0.0140713
0.0110185
0.00416811
0.0226539
0.0680467
0.032013
0.0301969
0.0229519
0.0421202
0.038435
0.0181416
0.00909483
0.0470525
0.184429
0.105169
0.0327236
0.0948259
0.307779
0.15617
0.0410357
0.00705906
0.14026
0.600809
0.453152
0.110203
0.398505
0.689806
0.347318
0.149654
0.00270115
0.277367
1.42199
0.939635
0.532381
0.471655
0.952525
0.53596
0.226986
0.02239
0.336738
1.46456
0.89732
0.849681
0.661449
0.952645
0.526736
0.243266
0.027842
0.134858
0.618297
0.642614
0.838661
0.653629
0.639196
0.368265
0.167057
0.0338183
0.0660051
0.732484
1.80617
0.917455
0.289027
0.410929
0.231919
0.121121
0.0304431
0.0677397
0.246546
0.436716
0.277579
0.152077
0.0641868
0.0397655
0.0557271
0.0295257
0.00287547
0.0146651
0.0118325
0.0097883
0.0126825
0.0218665
0.0202365
0.0148459
0.00562878
0.0392495
0.158033
0.0973143
0.0626928
0.048705
0.0904853
0.0504238
0.0297458
0.00984107
0.0832775
0.398575
0.270325
0.182774
0.301529
0.580831
0.379482
0.0759952
0.00766863
0.258901
1.27329
0.87887
0.42416
0.550437
1.58953
0.865519
0.236134
0.00999467
0.439712
2.45048
1.39149
2.06823
0.378241
1.72895
0.924837
0.328843
0.0309216
0.432775
3.31114
1.77374
1.73599
0.512962
1.31103
0.81918
0.337301
0.0428414
0.212608
1.387
0.673585
1.28773
1.00126
1.02582
0.50259
0.267904
0.0351068
0.0732879
1.34107
2.71834
0.660391
0.751483
0.590909
0.311822
0.128823
0.0327064
0.0736556
0.392659
0.636215
0.32849
0.192647
0.0662438
0.0314619
0.06077
0.0396966
0.00496084
0.0249287
0.0284563
0.0190049
0.0170227
0.0218022
0.0253062
0.0202184
0.00648021
0.0421818
0.222209
0.268772
0.20806
0.133785
0.235484
0.117429
0.0546084
0.0115717
0.116695
0.573763
0.675775
0.604999
1.18026
1.56744
0.497297
0.122366
0.00851814
0.225683
1.42037
0.762587
3.50924
0.681761
2.61568
1.61433
0.351528
0.00941467
0.568517
2.84209
0.815013
6.27271
2.15561
2.74695
2.00473
0.656784
0.0396255
0.410685
4.31986
1.89208
3.59221
0.572827
2.14254
1.43562
0.526918
0.0506123
0.219655
2.44945
1.24728
2.66389
1.08367
1.30418
0.670671
0.312723
0.0461466
0.068998
1.91569
4.14517
1.08283
1.12814
0.865877
0.401387
0.165187
0.0369074
0.0690231
0.445838
0.529479
0.31192
0.150373
0.110612
0.0427852
0.0547967
0.0431156
0.00266067
0.0124778
0.0244916
0.0156807
0.0102551
0.0265886
0.0208368
0.0117116
0.00514386
0.0338518
0.137675
0.161096
0.155817
0.130837
0.212263
0.072627
0.0423322
0.00813624
0.0687286
0.296137
0.3573
0.443312
0.47699
0.890582
0.444067
0.095695
0.00483867
0.111701
0.631292
0.35728
2.91021
2.30844
3.13867
0.955112
0.221288
0.00972684
0.177928
1.02985
0.418641
6.14692
3.5268
2.78246
1.36239
0.2311
0.0211264
0.13638
2.23276
1.5568
3.99947
2.55968
2.25836
1.02327
0.31256
0.0369989
0.119725
1.60426
0.750295
2.50424
0.386814
0.891201
0.403841
0.200606
0.030073
0.0345635
0.755361
3.16422
0.72095
0.829147
0.507736
0.213267
0.101871
0.0195087
0.0215465
0.177432
0.219635
0.190454
0.0756281
0.0452642
0.0262162
0.0384667
0.0271707
0.00360661
0.0220409
0.024237
0.0266599
0.0219073
0.0256845
0.0201633
0.0135025
0.00391565
0.018199
0.11172
0.14383
0.147197
0.187284
0.349121
0.09757
0.0463862
0.00956945
0.0308765
0.209341
0.280382
0.421
0.817265
2.04865
0.428089
0.0831564
0.00630745
0.0479194
0.340831
0.309365
2.3804
3.29379
3.39411
1.69563
0.267618
0.00659601
0.104579
0.665993
0.47408
7.19609
7.06064
3.25492
1.8739
0.512492
0.0200243
0.170678
1.83925
1.71765
8.26287
4.36396
2.19108
1.33777
0.338276
0.0269499
0.0803599
1.46813
0.876679
3.52579
0.558145
0.855622
0.67172
0.179277
0.0323017
0.0349586
0.807079
3.16577
0.663827
0.991504
0.552131
0.298333
0.104248
0.0211567
0.0412748
0.129072
0.253871
0.0997109
0.0643655
0.0671533
0.0254481
0.0358124
0.0233006
0.00265157
0.0201432
0.0205608
0.0160206
0.0134586
0.0280367
0.0169406
0.0156634
0.00659565
0.0157046
0.10747
0.144293
0.129608
0.148601
0.283573
0.103547
0.0403671
0.00799273
0.0314421
0.103863
0.185059
0.336177
0.446221
1.49284
0.408257
0.119841
0.00718483
0.0733828
0.154229
0.21534
2.24727
6.54571
3.78796
1.42821
0.274
0.0111126
0.0756893
0.494045
0.474072
6.48456
10.5121
2.78922
1.77955
0.438886
0.023988
0.0886467
1.77114
2.31175
8.88536
4.39529
1.59683
0.818346
0.35004
0.0406185
0.0619911
1.55737
1.07616
5.92814
0.762421
0.987993
0.465308
0.235588
0.0290833
0.0131268
0.653102
3.36023
0.703176
1.308
0.821208
0.168538
0.133556
0.0241123
0.0187676
0.0947353
0.108074
0.120679
0.0907253
0.0824409
0.0251684
0.0398161
0.0226993
0.00269626
0.0194312
0.0176523
0.01552
0.0135617
0.0288108
0.0270432
0.0153313
0.00546149
0.0147702
0.0736354
0.126299
0.126482
0.104671
0.193895
0.116778
0.0562467
0.00946821
0.01949
0.0893988
0.184968
0.332821
0.486975
1.46665
0.483974
0.0791599
0.0101309
0.0351658
0.147362
0.275209
1.03413
4.89172
3.1114
1.29346
0.209978
0.0076766
0.0554837
0.272074
0.367545
3.12582
7.52516
2.08265
1.58891
0.308172
0.0185982
0.0547901
0.791299
1.77092
4.61947
3.20854
1.30937
0.832547
0.317109
0.0141944
0.0276826
1.13774
0.863521
5.8613
0.429266
0.985856
0.53715
0.192962
0.0340877
0.0162515
0.646923
3.07515
0.8093
1.46979
0.442596
0.25564
0.0759989
0.0230498
0.021266
0.104652
0.1159
0.0570248
0.0408495
0.0503264
0.0244546
0.0462039
0.0113488
0.00213642
0.00762994
0.0131644
0.00859868
0.0139855
0.007765
0.00894898
0.00462445
0.00132272
0.00558656
0.0279598
0.0381124
0.0394447
0.0549772
0.0332599
0.0570309
0.0294929
0.00561746
0.000988796
0.0627768
0.11951
0.259322
0.199483
0.909175
0.263427
0.0499697
0.00545038
0.00265387
0.0839309
0.148123
0.140666
1.18876
1.26193
0.541359
0.169279
0.00470388
0.00572925
0.0878637
0.141354
0.896593
1.67146
0.691691
0.583686
0.149022
0.00800621
0.0243943
0.3792
0.71509
1.22307
1.16211
0.157416
0.388362
0.107958
0.0162524
0.0188135
0.779436
0.498471
1.88504
0.227842
0.375265
0.232562
0.0837703
0.0157304
0.0100284
0.203713
1.55025
0.508536
0.511085
0.1576
0.0787045
0.0423597
0.0123164
0.0119056
0.0117049
0.0319012
0.0467185
0.0264673
0.0179377
0.00807055
0.0192954
0.00132662
0.00184769
0.00770353
0.0105332
0.00601735
0.0131962
0.0241131
0.0129519
0.00703822
0.00372229
0.00755342
0.0309313
0.0837375
0.0576036
0.0440379
0.167359
0.0940487
0.0334073
0.00430347
0.00909026
0.0357237
0.130365
0.255351
0.147901
0.680273
0.211833
0.0715659
0.00335147
0.0151246
0.0545892
0.114831
0.568021
0.847372
0.911897
0.455358
0.0996346
0.00433254
0.0181365
0.0682819
0.162039
1.03775
0.789035
0.168478
0.520213
0.209426
0.0133397
0.0178263
0.331543
0.4463
1.95198
1.2971
0.26867
0.235728
0.164407
0.0104312
0.0154281
0.377766
0.951166
2.61723
0.372644
0.380049
0.212407
0.110838
0.0134216
0.00224792
0.163096
1.54538
0.885018
0.742747
0.402818
0.103087
0.0571581
0.0103662
0.00387974
0.0187779
0.0146483
0.0102111
0.0243302
0.0143176
0.0133083
0.00225977
0.0168316
0.00185141
0.012126
0.0139524
0.0148526
0.0084122
0.007791
0.000924548
0.00778454
0.0387863
0.0462893
0.0767879
0.0476753
0.160858
0.124728
0.0343943
0.00505485
0.0128219
0.0326815
0.148765
0.336287
0.240101
0.694941
0.249177
0.0458897
0.00477136
0.0167167
0.0515559
0.199303
0.9959
1.46044
0.96952
0.505511
0.0879688
0.00431193
0.0180102
0.0552614
0.240455
2.28003
1.91523
0.129657
0.419247
0.0686922
0.00980234
0.0188262
0.241396
0.30421
2.39394
1.06657
0.149838
0.29754
0.103756
0.0110782
0.00907268
0.503455
2.10357
4.90306
0.675955
0.483467
0.233793
0.0833289
0.0121238
0.000213592
0.0830861
1.36427
1.16648
0.584778
0.281381
0.112629
0.0357831
0.00616937
0.000902926
0.000761733
0.00262471
0.0148163
0.0115307
0.00942288
0.00398038
0.000885756
0.0128437
0.0127085
0.00557844
0.00783749
0.0203032
0.0169832
0.00703138
0.00343912
0.00934266
0.0480373
0.0716409
0.0582727
0.0466669
0.187498
0.102943
0.0432442
0.00721317
0.0170076
0.0683184
0.114933
0.484311
0.29573
0.683276
0.235638
0.0491345
0.0079981
0.0212904
0.0472578
0.195752
1.38691
1.83679
1.23882
0.53114
0.0732544
0.0050488
0.0185437
0.0673342
0.30363
2.76299
2.26548
0.129896
0.363897
0.119335
0.00823938
0.00770245
0.214671
0.572009
3.76142
1.07883
0.169324
0.35499
0.0504434
0.0180217
0.340836
3.60329
6.99326
1.30821
0.9432
0.232311
0.090079
0.00976847
0.0636012
1.18021
1.95823
1.10494
0.459394
0.112324
0.0434064
0.00447195
0.0033648
0.0071137
0.00610239
0.0129783
0.0120701
0.0112504
0.00621573
0.018568
0.00709684
0.00877537
0.00342214
0.00348439
0.0539608
0.0884032
0.0588172
0.0743034
0.163703
0.11031
0.0315639
0.00848429
0.00203527
0.068778
0.232544
0.594951
0.395597
0.930677
0.217695
0.0546113
0.00598019
0.00147616
0.0526172
0.216987
1.20252
1.92274
1.88029
0.556583
0.0747202
0.00404778
0.0012324
0.0376533
0.40541
2.15261
1.48164
0.714001
0.647281
0.111392
0.00380309
0.104594
0.759291
3.33688
1.51809
0.953365
0.364902
0.169261
0.00975616
0.377397
3.52289
8.70421
2.2003
0.571545
0.215747
0.0753074
0.0171056
0.0220475
1.3617
2.66541
1.37598
0.464013
0.05831
0.0235771
0.00431051
0.00422662
0.0109365
0.0136527
0.00750068
0.0097693
0.0232755
0.0246804
0.00937323
0.00552976
0.0215862
0.136618
0.0831511
0.0466776
0.341019
0.0692414
0.0477115
0.0066842
0.0423437
0.361359
0.557412
0.534695
1.43225
0.280555
0.0829908
0.0058952
0.0166848
0.263286
1.02468
2.33216
3.32556
0.788282
0.0883775
0.00175135
0.0229738
0.493909
1.64999
5.63726
1.98218
0.560986
0.101249
0.00557713
0.0552679
1.13461
5.35563
2.78287
2.19633
0.650324
0.0675473
0.00922153
0.0650997
0.514155
8.04969
3.34787
1.57219
0.378845
0.0614198
0.0144618
0.986614
4.4558
1.11997
0.436299
0.0878402
0.0326031
0.00199794
0.00282908
0.00152109
0.0146156
0.0235497
0.011273
0.0267014
0.0280352
0.0174181
0.0028511
0.00365037
0.0521227
0.198195
0.168492
0.27398
0.11925
0.0307354
0.00405128
0.181903
0.914887
1.0145
2.28126
0.263994
0.0560832
0.00565797
0.00175199
0.199287
2.03705
8.85651
5.10433
0.918756
0.122914
0.00523209
0.00355162
0.67523
6.4718
17.3435
3.54925
1.07957
0.189147
0.00667812
3.17681
15.9987
8.58377
3.37113
0.406747
0.176006
0.00783853
16.6994
7.31003
14.0246
2.3606
0.328703
0.116009
0.00770543
0.083893
8.62331
4.2993
0.455602
0.0765408
0.0142161
0.000762963
0.00121081
0.0117857
0.0293396
0.0217992
0.0278567
0.0136604
0.0108461
0.00321629
0.0624755
0.23083
0.384425
0.597742
0.161703
0.0537543
0.00749598
1.47884
1.52186
4.93547
0.402442
0.0447612
0.0102164
0.206342
3.33046
21.3769
8.49457
1.03482
0.14171
0.0032272
0.910371
16.0121
19.3323
5.67598
0.893218
0.0695568
0.00767823
2.07276
37.4092
15.5784
5.97181
1.04488
0.135466
0.00784526
4.82639
34.8065
28.5398
2.90536
0.15513
0.15233
0.00679633
2.04674
2.33944
0.584119
0.0701384
0.0117576
0.000401218
0.0162798
0.0309889
0.0245422
0.0297304
0.00240854
0.00962035
0.00194781
0.0347875
0.0925519
0.501013
0.798933
0.244805
0.0632512
0.0111467
0.908115
3.29947
3.81086
0.548
0.0849408
0.00543567
0.0622138
5.67607
24.8096
13.8751
1.42859
0.0966751
0.0064735
0.196713
23.6269
9.73589
7.7406
1.86566
0.174607
0.00262983
23.0986
21.9731
6.87721
0.798817
0.185867
0.00769157
4.24498
18.8753
5.72589
0.389744
0.111381
0.00411153
0.225007
0.606
0.117033
0.00884274
0.000150452
0.00915755
0.0172135
0.014184
0.0101577
0.00130746
0.0255247
0.0704316
0.0593044
0.330788
0.0357717
0.0467278
0.0131933
0.211785
3.27347
1.36862
0.460953
0.123585
0.00382122
5.6875
27.3972
11.5492
1.97051
0.113589
0.00441857
7.88482
1.34377
8.62628
1.37313
0.13091
0.00703245
8.44272
21.3478
6.92876
0.731436
0.136919
0.0129028
2.0565
3.45756
0.711195
0.0292204
0.000480839
0.121638
0.0851861
0.00245217
0.00341733
0.00791717
0.00827409
0.112965
0.0472102
0.039445
0.246694
0.0813972
0.0877564
0.0735224
1.73984
6.15715
3.67787
0.222528
0.457911
0.0456504
0.775791
0.0735243
8.70865
3.51398
0.923178
0.0290957
5.24561
16.2394
8.80671
2.46836
0.376992
0.0138018
0.0951602
1.06321
0.588641
0.0405103
0.0918504
25.5642
