      1418
  0.8276527E+01
  0.3576210E+02
  0.5247183E+02
  0.2248454E+03
  0.4154402E+03
  0.2751856E+03
  0.1563226E+03
  0.2891654E+03
  0.2579040E+03
  0.3208966E+02
  0.4402424E+02
  0.2813824E+02
  0.1289746E+03
  0.5216076E+03
  0.5160682E+03
  0.2465622E+03
  0.6687187E+03
  0.8551481E+03
  0.1008624E+03
  0.4098015E+02
  0.2132468E+02
  0.1006502E+03
  0.3371795E+03
  0.4108071E+03
  0.2314574E+03
  0.5014529E+03
  0.8988312E+03
  0.2395504E+03
  0.1381179E+03
  0.2678657E+03
  0.1878315E+03
  0.3053727E+03
  0.2578009E+03
  0.2057850E+03
  0.2076808E+03
  0.5316514E+03
  0.2120416E+03
  0.1115070E+03
  0.2528554E+03
  0.3308357E+02
  0.7863730E+02
  0.1411267E+03
  0.1768335E+03
  0.1340987E+03
  0.3992995E+03
  0.1735240E+03
  0.6383916E+02
  0.6542300E+02
  0.1144001E+02
  0.2178037E+02
  0.5549491E+02
  0.2249226E+02
  0.3582337E+02
  0.1689404E+03
  0.6026261E+02
  0.4440145E+02
  0.3417438E+02
  0.2630826E+02
  0.2725831E+02
  0.3209925E+02
  0.3410596E+02
  0.6168303E+02
  0.9261789E+02
  0.1233950E+01
  0.1025619E+02
  0.1342692E+02
  0.2729350E+02
  0.4311133E+02
  0.5064633E+02
  0.4325989E+02
  0.3554730E+02
  0.2425353E+02
  0.9554729E+00
  0.1186492E+02
  0.1198311E+02
  0.7117402E+01
  0.1326393E+02
  0.1135615E+02
  0.6055015E+01
  0.3008923E+01
  0.2384892E+01
  0.1531934E+02
  0.4732196E+02
  0.9679059E+02
  0.2386907E+03
  0.4391202E+03
  0.2475547E+03
  0.1246213E+03
  0.2882461E+03
  0.2855992E+03
  0.8862459E+02
  0.6266321E+02
  0.4059051E+02
  0.9525918E+02
  0.5523885E+03
  0.4479652E+03
  0.1557707E+03
  0.7144368E+03
  0.1117105E+04
  0.1844045E+03
  0.5018902E+02
  0.1415335E+02
  0.6014036E+02
  0.2605997E+03
  0.3363068E+03
  0.1465458E+03
  0.3669478E+03
  0.9369439E+03
  0.2534092E+03
  0.1233356E+03
  0.2644290E+03
  0.1396629E+03
  0.2814432E+03
  0.2636161E+03
  0.1972407E+03
  0.1334626E+03
  0.4454603E+03
  0.2345583E+03
  0.1029882E+03
  0.3525132E+03
  0.3213283E+02
  0.6635253E+02
  0.1314856E+03
  0.2445934E+03
  0.1020981E+03
  0.4137229E+03
  0.1598790E+03
  0.4252248E+02
  0.7273771E+02
  0.2293839E+02
  0.2340841E+02
  0.6335299E+02
  0.2801942E+02
  0.2796787E+02
  0.2768627E+03
  0.1069491E+03
  0.6193130E+02
  0.3528228E+02
  0.3630460E+02
  0.3148730E+02
  0.3105328E+02
  0.3679745E+02
  0.1018185E+03
  0.2582138E+03
  0.2894580E+01
  0.2722971E+02
  0.3423127E+02
  0.6777359E+02
  0.1018359E+03
  0.9858738E+02
  0.7902935E+02
  0.8109169E+02
  0.6674779E+02
  0.1925297E+01
  0.3052534E+02
  0.4942056E+02
  0.3674025E+02
  0.6159724E+02
  0.3935297E+02
  0.1454630E+02
  0.6559272E+01
  0.4545863E+01
  0.2317758E+02
  0.4981756E+02
  0.9275538E+02
  0.2336509E+03
  0.4614680E+03
  0.2190505E+03
  0.1069147E+03
  0.2908503E+03
  0.2938421E+03
  0.1496211E+03
  0.6999390E+02
  0.5242041E+02
  0.7877906E+02
  0.5188885E+03
  0.4243687E+03
  0.1309600E+03
  0.6824534E+03
  0.1262650E+04
  0.2656239E+03
  0.5060653E+02
  0.1899429E+02
  0.5240496E+02
  0.2119374E+03
  0.3039804E+03
  0.1228216E+03
  0.3386622E+03
  0.8669574E+03
  0.2913037E+03
  0.1200199E+03
  0.2722924E+03
  0.1123672E+03
  0.2792881E+03
  0.2831152E+03
  0.2140945E+03
  0.1125041E+03
  0.4353913E+03
  0.2553306E+03
  0.1164452E+03
  0.3497926E+03
  0.3251555E+02
  0.6425306E+02
  0.1363364E+03
  0.3083251E+03
  0.9260076E+02
  0.4137358E+03
  0.1647145E+03
  0.4117449E+02
  0.1201880E+03
  0.3314393E+02
  0.2940864E+02
  0.8767421E+02
  0.3972668E+02
  0.2902185E+02
  0.3258978E+03
  0.1833809E+03
  0.6853862E+02
  0.3695042E+02
  0.4351098E+02
  0.2989038E+02
  0.3104698E+02
  0.3473681E+02
  0.1061366E+03
  0.4518742E+03
  0.6032484E+01
  0.4328230E+02
  0.5491395E+02
  0.1003218E+03
  0.1405331E+03
  0.1188535E+03
  0.1013708E+03
  0.1210399E+03
  0.1012925E+03
  0.3498282E+01
  0.5707393E+02
  0.1014393E+03
  0.8875913E+02
  0.1344387E+03
  0.7842235E+02
  0.2456186E+02
  0.9894977E+01
  0.5782788E+01
  0.3478258E+02
  0.3523215E+02
  0.1264115E+03
  0.2139684E+03
  0.3337642E+03
  0.1871660E+03
  0.9019139E+02
  0.2549250E+03
  0.3229162E+03
  0.1825483E+03
  0.6180924E+02
  0.8709634E+02
  0.9135710E+02
  0.4462195E+03
  0.3080021E+03
  0.1010775E+03
  0.6927726E+03
  0.1392396E+04
  0.3734132E+03
  0.7812880E+02
  0.3092336E+02
  0.6560398E+02
  0.2039424E+03
  0.2559952E+03
  0.9531181E+02
  0.2636366E+03
  0.7772055E+03
  0.2320363E+03
  0.1536339E+03
  0.2474459E+03
  0.1048252E+03
  0.2036085E+03
  0.3378782E+03
  0.2955139E+03
  0.1107662E+03
  0.3809007E+03
  0.3352125E+03
  0.2186052E+03
  0.4461964E+03
  0.2150297E+02
  0.5869228E+02
  0.1389937E+03
  0.4849839E+03
  0.1142632E+03
  0.4669026E+03
  0.1781414E+03
  0.6274443E+02
  0.2931444E+03
  0.4417249E+02
  0.3267519E+02
  0.9116474E+02
  0.3461461E+02
  0.4107030E+02
  0.4676471E+03
  0.3386088E+03
  0.9566490E+02
  0.7556230E+02
  0.4866693E+02
  0.2178646E+02
  0.2690021E+02
  0.4296272E+02
  0.2119550E+03
  0.8901709E+03
  0.1368911E+02
  0.5566420E+02
  0.5903228E+02
  0.1104737E+03
  0.1322667E+03
  0.1305953E+03
  0.1318947E+03
  0.1914119E+03
  0.1953122E+03
  0.7779069E+01
  0.8341356E+02
  0.2263431E+03
  0.1770105E+03
  0.2534219E+03
  0.1488851E+03
  0.5654545E+02
  0.2186160E+02
  0.8699326E+01
  0.7916982E+02
  0.3107666E+02
  0.9818942E+02
  0.1727796E+03
  0.2338317E+03
  0.1411952E+03
  0.9092367E+02
  0.2611033E+03
  0.2859134E+03
  0.2127998E+03
  0.5298700E+02
  0.1284011E+03
  0.1230316E+03
  0.3843345E+03
  0.2753699E+03
  0.9446997E+02
  0.6898198E+03
  0.1605608E+04
  0.3094824E+03
  0.1011404E+03
  0.3841143E+02
  0.9911128E+02
  0.1854232E+03
  0.2083663E+03
  0.7230219E+02
  0.1817876E+03
  0.6007565E+03
  0.2344465E+03
  0.2058533E+03
  0.2241326E+03
  0.7707986E+02
  0.1594093E+03
  0.3894649E+03
  0.3695016E+03
  0.1539320E+03
  0.3889233E+03
  0.4367098E+03
  0.4451686E+03
  0.3332004E+03
  0.1089215E+02
  0.5018077E+02
  0.1376459E+03
  0.6869010E+03
  0.1703920E+03
  0.5143182E+03
  0.2163000E+03
  0.1469923E+03
  0.6715664E+03
  0.2539962E+02
  0.3838055E+02
  0.1528447E+03
  0.3000667E+02
  0.8048645E+02
  0.6331227E+03
  0.6517398E+03
  0.1729037E+03
  0.1400558E+03
  0.4469576E+02
  0.1775466E+02
  0.2432199E+02
  0.4432502E+02
  0.2640499E+03
  0.1205091E+04
  0.2810461E+02
  0.5398110E+02
  0.5110892E+02
  0.7258580E+02
  0.7750372E+02
  0.9696982E+02
  0.1452219E+03
  0.2149943E+03
  0.1651889E+03
  0.1428385E+02
  0.1018069E+03
  0.2832076E+03
  0.1584703E+03
  0.2190338E+03
  0.2389350E+03
  0.1568991E+03
  0.3676519E+02
  0.1194162E+02
  0.2155800E+03
  0.3337871E+02
  0.8597055E+02
  0.1173282E+03
  0.1759635E+03
  0.1460180E+03
  0.1239022E+03
  0.2792473E+03
  0.3434703E+03
  0.1461285E+03
  0.4773912E+02
  0.1103794E+03
  0.1535625E+03
  0.2794234E+03
  0.2486841E+03
  0.1047734E+03
  0.6256916E+03
  0.1460991E+04
  0.3100194E+03
  0.1347553E+03
  0.9585979E+02
  0.1468208E+03
  0.1656090E+03
  0.1580602E+03
  0.7555777E+02
  0.1614827E+03
  0.3950856E+03
  0.2416357E+03
  0.2604609E+03
  0.2345537E+03
  0.6312698E+02
  0.1179741E+03
  0.3720161E+03
  0.4118923E+03
  0.2364659E+03
  0.4313680E+03
  0.5416979E+03
  0.7239271E+03
  0.2017919E+03
  0.4960458E+01
  0.3719174E+02
  0.1282904E+03
  0.7258202E+03
  0.2280973E+03
  0.5645504E+03
  0.1739557E+03
  0.2572255E+03
  0.5559313E+03
  0.1134556E+02
  0.3166693E+02
  0.1710227E+03
  0.4949512E+02
  0.1415788E+03
  0.8452256E+03
  0.8149768E+03
  0.2338101E+03
  0.1530200E+03
  0.3470664E+02
  0.2005315E+02
  0.3218083E+02
  0.5701040E+02
  0.3009219E+03
  0.1289236E+04
  0.2647020E+02
  0.5008733E+02
  0.3130969E+02
  0.4580623E+02
  0.4775864E+02
  0.6125097E+02
  0.1467825E+03
  0.2184080E+03
  0.3204761E+03
  0.2218126E+02
  0.8679806E+02
  0.3273782E+03
  0.8658284E+02
  0.1139295E+03
  0.2674149E+03
  0.4487456E+03
  0.5956543E+02
  0.2135088E+02
  0.3098649E+03
  0.4242128E+02
  0.9782648E+02
  0.1170498E+03
  0.1712394E+03
  0.1577676E+03
  0.1449961E+03
  0.3470957E+03
  0.3517359E+03
  0.4048434E+03
  0.6874681E+02
  0.1260811E+03
  0.1796422E+03
  0.2275075E+03
  0.2410486E+03
  0.1257545E+03
  0.6665599E+03
  0.1545319E+04
  0.5260163E+03
  0.1755671E+03
  0.7892616E+02
  0.1690687E+03
  0.1666454E+03
  0.1535692E+03
  0.8830563E+02
  0.1325554E+03
  0.2778929E+03
  0.2815933E+03
  0.3397206E+03
  0.2274525E+03
  0.5439356E+02
  0.1037277E+03
  0.3261181E+03
  0.4037366E+03
  0.3063319E+03
  0.3830784E+03
  0.5143801E+03
  0.6262476E+03
  0.1210396E+03
  0.3486141E+01
  0.2916150E+02
  0.1186236E+03
  0.7034708E+03
  0.2239659E+03
  0.6172782E+03
  0.2019811E+03
  0.2427789E+03
  0.3482532E+03
  0.6843810E+01
  0.4053729E+02
  0.2592411E+03
  0.2147927E+02
  0.9604865E+02
  0.8948831E+03
  0.1192793E+04
  0.2403309E+03
  0.1341896E+03
  0.3341614E+02
  0.2295139E+02
  0.4083412E+02
  0.5821564E+02
  0.3378255E+03
  0.1442222E+04
  0.3238867E+02
  0.6322066E+02
  0.2921885E+02
  0.4212677E+02
  0.4109297E+02
  0.6873706E+02
  0.1488679E+03
  0.1851283E+03
  0.1563569E+03
  0.2168522E+02
  0.2033884E+03
  0.2337373E+03
  0.6035244E+02
  0.1045875E+03
  0.2956638E+03
  0.8137994E+03
  0.8295520E+02
  0.2687783E+02
  0.8865633E+03
  0.9830784E+02
  0.5775477E+02
  0.1002614E+03
  0.1541328E+03
  0.2243483E+03
  0.2171342E+03
  0.3644219E+03
  0.3831799E+03
  0.6518755E+03
  0.8398092E+02
  0.1415652E+03
  0.2127495E+03
  0.1575716E+03
  0.2397884E+03
  0.1748053E+03
  0.5466797E+03
  0.1312185E+04
  0.7658193E+03
  0.2922433E+03
  0.2714787E+03
  0.2381015E+03
  0.1897915E+03
  0.1627898E+03
  0.1043641E+03
  0.1413600E+03
  0.2032935E+03
  0.3094111E+03
  0.4808367E+03
  0.2104279E+03
  0.4630279E+02
  0.7804533E+02
  0.3097530E+03
  0.3183883E+03
  0.4240359E+03
  0.4848554E+03
  0.2745831E+03
  0.3999563E+03
  0.6695026E+02
  0.2793449E+01
  0.1986988E+02
  0.1086648E+03
  0.6959457E+03
  0.2549564E+03
  0.6536936E+03
  0.2061208E+03
  0.2377815E+03
  0.1474361E+03
  0.4843598E+01
  0.3958557E+02
  0.3637570E+03
  0.2835957E+02
  0.1178759E+03
  0.1048853E+04
  0.1603922E+04
  0.4140254E+03
  0.1101695E+03
  0.3108468E+02
  0.3681594E+02
  0.5122359E+02
  0.7379743E+02
  0.3000884E+03
  0.1364014E+04
  0.4014657E+02
  0.1360906E+03
  0.3289414E+02
  0.4303570E+02
  0.4072570E+02
  0.6000736E+02
  0.1230997E+03
  0.1458125E+03
  0.2404186E+03
  0.3347918E+02
  0.2010853E+03
  0.1284208E+03
  0.3733961E+02
  0.7900719E+02
  0.2903088E+03
  0.1043326E+04
  0.1116933E+03
  0.5318929E+02
  0.1257874E+04
  0.2380662E+03
  0.1054870E+03
  0.1170471E+03
  0.2676192E+03
  0.2643162E+03
  0.2866231E+03
  0.4049964E+03
  0.3308497E+03
  0.4912469E+03
  0.1214578E+03
  0.2130527E+03
  0.2667597E+03
  0.1309242E+03
  0.3152990E+03
  0.2240075E+03
  0.5697352E+03
  0.1286657E+04
  0.1498284E+04
  0.3959989E+03
  0.5670558E+03
  0.2965270E+03
  0.2296765E+03
  0.2267870E+03
  0.1674309E+03
  0.1088241E+03
  0.1160441E+03
  0.5948590E+03
  0.5034748E+03
  0.1915316E+03
  0.3851573E+02
  0.6177365E+02
  0.2878953E+03
  0.3007573E+03
  0.4286355E+03
  0.4208234E+03
  0.2562138E+03
  0.2093651E+03
  0.5862623E+02
  0.3580173E+01
  0.1372414E+02
  0.1079360E+03
  0.6639045E+03
  0.1874059E+03
  0.6702562E+03
  0.5567684E+03
  0.2284477E+03
  0.8067522E+02
  0.6180572E+01
  0.4796976E+02
  0.5468305E+03
  0.2569355E+02
  0.1366169E+03
  0.1106428E+04
  0.2782649E+04
  0.5656343E+03
  0.1148778E+03
  0.3425820E+02
  0.4890532E+02
  0.9658914E+02
  0.7552574E+02
  0.3978237E+03
  0.1330137E+04
  0.4813956E+02
  0.1798478E+03
  0.4183597E+02
  0.5360780E+02
  0.5116161E+02
  0.8114994E+02
  0.7703929E+02
  0.1142890E+03
  0.2082897E+03
  0.5873834E+02
  0.3065888E+03
  0.1593741E+03
  0.3957947E+02
  0.8474472E+02
  0.4433338E+03
  0.1128306E+04
  0.1321124E+03
  0.1045497E+03
  0.1484144E+04
  0.2676254E+03
  0.1453584E+03
  0.1312404E+03
  0.3251258E+03
  0.3296635E+03
  0.2830631E+03
  0.3571859E+03
  0.3536512E+03
  0.9499087E+03
  0.1865482E+03
  0.2756598E+03
  0.2921085E+03
  0.1108315E+03
  0.2243451E+03
  0.2847350E+03
  0.4971736E+03
  0.9377458E+03
  0.6312321E+03
  0.4434275E+03
  0.7302666E+03
  0.2556625E+03
  0.2780657E+03
  0.2852398E+03
  0.2043540E+03
  0.9980644E+02
  0.1155037E+03
  0.7183573E+03
  0.7001007E+03
  0.1723471E+03
  0.3766628E+02
  0.7060553E+02
  0.3010563E+03
  0.2806989E+03
  0.4385603E+03
  0.3780615E+03
  0.6003569E+03
  0.1895990E+03
  0.5570798E+02
  0.4262445E+01
  0.1160329E+02
  0.1122843E+03
  0.6925596E+03
  0.2075783E+03
  0.7023644E+03
  0.9178965E+03
  0.2560352E+03
  0.7045206E+02
  0.7759283E+01
  0.5181182E+02
  0.6795898E+03
  0.2996406E+02
  0.1533750E+03
  0.1059500E+04
  0.3213907E+04
  0.8746863E+03
  0.1107388E+03
  0.3739661E+02
  0.5947016E+02
  0.1123072E+03
  0.1105515E+03
  0.4002858E+03
  0.1441404E+04
  0.5957646E+02
  0.2207419E+03
  0.6124950E+02
  0.6220423E+02
  0.6004664E+02
  0.5775213E+02
  0.7735613E+02
  0.9702967E+02
  0.2168071E+03
  0.6471425E+02
  0.5764209E+03
  0.9068387E+02
  0.4432926E+02
  0.1600554E+03
  0.8496511E+03
  0.8186399E+03
  0.1762483E+03
  0.1839000E+03
  0.1983270E+04
  0.5557237E+03
  0.2917427E+03
  0.2172671E+03
  0.4652754E+03
  0.3769854E+03
  0.3369566E+03
  0.3374885E+03
  0.2644577E+03
  0.7611785E+03
  0.4651827E+03
  0.7633434E+03
  0.3974371E+03
  0.1891565E+03
  0.3825805E+03
  0.3513547E+03
  0.4443782E+03
  0.8652481E+03
  0.1651069E+04
  0.1000490E+04
  0.7174281E+03
  0.3245618E+03
  0.3425395E+03
  0.4308876E+03
  0.4230710E+03
  0.1027841E+03
  0.7057228E+02
  0.8029130E+03
  0.7707259E+03
  0.1649212E+03
  0.3365815E+02
  0.6310961E+02
  0.3456062E+03
  0.3136562E+03
  0.4373896E+03
  0.5544741E+03
  0.5914022E+03
  0.2673651E+03
  0.7684362E+02
  0.5399692E+01
  0.1012130E+02
  0.1406609E+03
  0.7651054E+03
  0.1660508E+03
  0.6464582E+03
  0.2812877E+04
  0.7719673E+03
  0.9916918E+02
  0.1352626E+02
  0.8677838E+02
  0.9981831E+03
  0.2536683E+02
  0.8299036E+02
  0.1054861E+04
  0.4148213E+04
  0.1178521E+04
  0.1652605E+03
  0.5322769E+02
  0.5696768E+02
  0.2083483E+03
  0.8991683E+02
  0.2400014E+03
  0.1046791E+04
  0.1956083E+03
  0.8508955E+03
  0.1593395E+03
  0.1074853E+03
  0.9531019E+02
  0.7500690E+02
  0.3849020E+02
  0.1039354E+03
  0.3467378E+03
  0.1449585E+03
  0.7725933E+02
  0.9390838E+02
  0.2424992E+03
  0.9600737E+03
  0.5603386E+03
  0.1681629E+03
  0.1576295E+04
  0.6731429E+03
  0.1682513E+03
  0.2873267E+03
  0.5679681E+03
  0.4783633E+03
  0.3366836E+03
  0.2932941E+03
  0.2562532E+03
  0.8163052E+03
  0.1173542E+04
  0.8742229E+03
  0.4698696E+03
  0.2478109E+03
  0.4172420E+03
  0.3888595E+03
  0.4147424E+03
  0.9689146E+03
  0.1309912E+04
  0.8273325E+03
  0.3452041E+03
  0.3083683E+03
  0.3771436E+03
  0.4907104E+03
  0.4628989E+03
  0.9814339E+02
  0.8375915E+02
  0.8530570E+03
  0.1237764E+04
  0.1647545E+03
  0.3390080E+02
  0.7205678E+02
  0.3872666E+03
  0.3662222E+03
  0.5809261E+03
  0.3949313E+03
  0.7875997E+03
  0.1002073E+04
  0.9956338E+02
  0.5101906E+01
  0.1050152E+02
  0.1790902E+03
  0.9487431E+03
  0.2404660E+03
  0.7084516E+03
  0.3483280E+04
  0.1806395E+04
  0.1753903E+03
  0.1557914E+02
  0.1160806E+03
  0.1075456E+04
  0.5958524E+02
  0.6833110E+02
  0.7232412E+03
  0.5606206E+04
  0.1381407E+04
  0.2289487E+03
  0.7152097E+02
  0.5839383E+02
  0.2251302E+03
  0.1142699E+03
  0.3058549E+03
  0.8373400E+03
  0.7291000E+03
  0.1054266E+04
  0.2867440E+03
  0.1559476E+03
  0.1760048E+03
  0.1531070E+03
  0.3323352E+02
  0.9158231E+02
  0.4200979E+03
  0.1688165E+03
  0.2278000E+02
  0.1863719E+03
  0.5380735E+03
  0.1126306E+04
  0.6980695E+03
  0.2256225E+03
  0.1335683E+04
  0.8361676E+03
  0.3672575E+03
  0.5440610E+03
  0.7368742E+03
  0.4295218E+03
  0.4137796E+03
  0.2816055E+03
  0.2474682E+03
  0.4389157E+03
  0.2908791E+04
  0.3269741E+04
  0.5368852E+03
  0.2707428E+03
  0.3928215E+03
  0.3883285E+03
  0.4616713E+03
  0.1012161E+04
  0.8650008E+03
  0.1775555E+04
  0.2811335E+03
  0.3049681E+03
  0.4211955E+03
  0.4500135E+03
  0.4689640E+03
  0.1741540E+03
  0.1082152E+03
  0.5863543E+03
  0.1632630E+04
  0.1748804E+03
  0.3949400E+02
  0.8057031E+02
  0.4334067E+03
  0.5269590E+03
  0.4992808E+03
  0.5195170E+03
  0.8978199E+03
  0.5508807E+04
  0.1737684E+03
  0.4925081E+01
  0.1265833E+02
  0.2600674E+03
  0.1054661E+04
  0.1049382E+03
  0.6396414E+03
  0.1646029E+04
  0.4400719E+04
  0.3545849E+03
  0.2328488E+02
  0.1470656E+03
  0.1112490E+04
  0.7202966E+02
  0.6294303E+02
  0.6426853E+03
  0.1421507E+04
  0.3286348E+03
  0.1023140E+03
  0.6204098E+02
  0.1871656E+03
  0.8753618E+02
  0.2720143E+03
  0.5234328E+03
  0.2518938E+04
  0.6177772E+03
  0.2350535E+03
  0.3996010E+03
  0.2257943E+03
  0.2419130E+02
  0.8625536E+02
  0.4992341E+03
  0.1708503E+04
  0.2331552E+04
  0.2256730E+03
  0.5918927E+03
  0.4351591E+03
  0.3484732E+03
  0.6883927E+03
  0.5479419E+03
  0.4363164E+03
  0.2935227E+03
  0.3087379E+03
  0.1331888E+03
  0.2012096E+04
  0.1998134E+04
  0.2943186E+03
  0.2544282E+03
  0.2963264E+03
  0.3232684E+03
  0.6802037E+03
  0.9441476E+03
  0.7119233E+03
  0.1352457E+04
  0.3062246E+03
  0.3640156E+03
  0.2469930E+03
  0.1690379E+03
  0.3136368E+03
  0.2249042E+03
  0.1151672E+03
  0.1316596E+04
  0.1027965E+04
  0.3305266E+03
  0.6701787E+02
  0.6533670E+02
  0.2877136E+03
  0.6318598E+03
  0.6331212E+03
  0.4700029E+03
  0.7573585E+03
  0.1106770E+05
  0.3326221E+03
  0.9259701E+01
  0.2406049E+02
  0.2699129E+03
  0.9504426E+03
  0.1061077E+03
  0.6198998E+03
  0.1161228E+05
  0.1291634E+04
  0.5399759E+02
  0.1248645E+03
  0.4938459E+03
  0.9795697E+02
  0.1925284E+02
  0.2829242E+03
  0.2710247E+04
  0.3418239E+03
  0.1510144E+03
  0.7404080E+02
  0.1234936E+03
  0.1702050E+03
  0.1206953E+03
  0.3545047E+03
  0.3333757E+04
  0.7888973E+03
  0.2809761E+03
  0.3404888E+03
  0.2360562E+03
  0.2863616E+02
  0.5356596E+02
  0.4267442E+04
  0.1663276E+03
  0.7842181E+03
  0.4508847E+03
  0.9924732E+02
  0.1220180E+03
  0.3859280E+03
  0.3908978E+03
  0.5039227E+03
  0.5501039E+03
  0.5795762E+03
  0.7468030E+03
  0.3020617E+02
  0.3941003E+02
  0.1982521E+03
  0.2976113E+03
  0.7955736E+03
  0.1249402E+04
  0.1196640E+04
  0.4229946E+04
  0.3718554E+03
  0.4202668E+02
  0.6035458E+02
  0.1752854E+03
  0.2174486E+03
  0.1355339E+03
  0.2697975E+04
  0.8754844E+03
  0.1131231E+03
  0.2502404E+02
  0.7654760E+02
  0.5026056E+03
  0.6000693E+03
  0.5045752E+03
  0.5418374E+04
  0.2463251E+03
  0.5120645E+02
  0.4905265E+02
  0.7190121E+02
  0.6884851E+03
  0.1012120E+03
  0.5052946E+03
  0.4414612E+04
  0.1591238E+04
  0.1358068E+03
  0.5419092E+02
  0.4315358E+02
  0.1699303E+03
  0.3285789E+01
  0.9771693E+02
  0.9320684E+03
  0.3020088E+03
  0.3109879E+03
  0.1205785E+03
  0.6339312E+02
  0.1552842E+03
  0.2571795E+02
  0.6140650E+02
  0.2543387E+03
  0.2933133E+03
  0.2727712E+03
  0.1379741E+03
  0.3545740E+02
  0.1015992E+03
  0.2209375E+04
  0.1763241E+03
  0.9948000E+03
  0.4548131E+03
  0.8670076E+02
  0.2014524E+03
  0.3506269E+03
  0.2435476E+03
  0.8904013E+03
  0.9191207E+03
  0.8584847E+03
  0.5063230E+03
  0.4446355E+02
  0.8500312E+02
  0.4326129E+03
  0.3223723E+03
  0.1513826E+04
  0.1171275E+04
  0.3396580E+04
  0.4363347E+02
  0.5220057E+02
  0.3675271E+03
  0.2855172E+03
  0.1745127E+03
  0.1595875E+03
  0.1126312E+05
  0.1390376E+04
  0.3796110E+02
  0.1921512E+02
  0.9609271E+02
  0.2418940E+03
  0.3995313E+03
  0.3996694E+03
  0.3420431E+04
  0.4216889E+03
  0.7789107E+02
  0.2242190E+02
  0.4314872E+02
  0.4438289E+03
  0.8589632E+02
  0.3524978E+03
  0.1229212E+04
  0.8495531E+02
  0.4727218E+02
  0.4767565E+02
  0.3963368E+03
  0.1633831E+02
  0.9281630E+02
  0.5733289E+03
  0.4366785E+03
  0.6794833E+03
  0.4948619E+02
  0.1211677E+03
  0.3244178E+02
  0.3072816E+02
  0.2398574E+03
  0.5882682E+03
  0.4636965E+03
  0.8430628E+02
  0.4394852E+02
  0.2915564E+02
  0.3698391E+03
  0.1871150E+03
  0.3613550E+03
  0.1537680E+03
  0.1850177E+03
  0.4144007E+03
  0.7208239E+03
  0.9690435E+03
  0.1103659E+04
  0.4669668E+03
  0.1032011E+03
  0.8420053E+02
  0.6239083E+03
  0.4002762E+03
  0.1527787E+04
  0.1375671E+04
  0.1735554E+02
  0.3747224E+02
  0.2123025E+03
  0.3867381E+03
  0.3583492E+03
  0.2532002E+03
  0.1941445E+04
  0.1630727E+02
  0.1925086E+02
  0.7067120E+02
  0.3177643E+03
  0.8139394E+03
  0.7239519E+03
  0.8246847E+04
  0.1214613E+03
  0.1359240E+02
  0.5149682E+02
  0.1944007E+03
  0.1147123E+03
  0.7909173E+03
  0.2322004E+04
  0.7660213E+02
  0.6663791E+02
  0.1011817E+03
  0.1336435E+03
  0.2070089E+02
  0.3404911E+03
  0.3413730E+03
  0.2000636E+03
  0.5067226E+03
  0.9528691E+02
  0.9498459E+02
  0.7609731E+02
  0.7564754E+02
  0.6831035E+03
  0.1762035E+03
  0.6833705E+02
  0.4705137E+02
  0.3343780E+02
  0.2126376E+03
  0.2913133E+03
  0.2947976E+03
  0.2257642E+03
  0.3639375E+03
  0.4996150E+03
  0.7318974E+03
  0.1141539E+04
  0.3264545E+03
  0.2251587E+03
  0.1239590E+03
  0.4983549E+03
  0.4357743E+03
  0.8835362E+03
  0.1209106E+04
  0.2403454E+02
  0.6694376E+02
  0.1625283E+03
  0.4202055E+03
  0.7253813E+03
  0.4199970E+03
  0.3672403E+04
  0.2284525E+03
  0.8476259E+02
  0.4585590E+02
  0.5627901E+03
  0.1591927E+04
  0.1755943E+04
  0.3447717E+05
  0.5045432E+03
  0.1727440E+02
  0.3502114E+03
  0.2962191E+03
  0.2950831E+03
  0.2045102E+04
  0.2036523E+03
  0.7887462E+02
  0.9827973E+02
  0.2683298E+02
  0.1727647E+02
  0.1504695E+03
  0.5505790E+03
  0.4208382E+03
  0.3066560E+03
  0.2988550E+03
  0.8266788E+02
  0.1039022E+03
  0.7055750E+03
  0.4189902E+03
  0.7336911E+02
  0.1450255E+02
  0.2388725E+03
  0.4601838E+03
  0.4114806E+03
  0.2219659E+03
  0.7524609E+03
  0.1098472E+04
  0.5704176E+03
  0.7061521E+03
  0.2963236E+03
  0.4448798E+03
  0.4556981E+03
  0.6109242E+03
  0.1135556E+04
  0.8871420E+02
  0.1260730E+03
  0.4258997E+03
  0.4884909E+03
  0.7940568E+03
  0.3502749E+03
  0.8383142E+03
  0.1387681E+03
  0.7843797E+02
  0.4823222E+03
  0.1532042E+04
  0.1904798E+04
  0.1211047E+03
  0.1503523E+03
  0.7436113E+03
  0.4785915E+03
  0.1094981E+04
  0.1975937E+04
  0.2057282E+03
  0.9079481E+02
  0.5716404E+03
  0.8776108E+03
  0.9175809E+02
  0.1597514E+03
  0.6893760E+02
  0.2166436E+03
  0.1647509E+04
  0.3899128E+03
  0.9974884E+03
  0.9048565E+03
  0.3441562E+03
  0.4310000E+02
  0.4611265E+02
  0.5330784E+02
  0.3132728E+02
  0.2817705E+03
  0.1168350E+04
  0.5458000E+01
  0.3173445E+03
  0.3957349E+03
  0.3714406E+02
  0.2048970E+03
  0.3460908E+02
  0.1230796E+02
  0.5438227E+02
  0.2055532E+03
  0.1656883E+03
  0.3169740E+02
  0.3279916E+02
  0.3616562E+02
  0.4634528E+02
  0.6880763E+03
  0.5542522E+03
  0.3230442E+02
  0.1793821E+03
  0.6534940E+02
  0.4237495E+03
  0.1730322E+04
  0.5647524E+03
  0.6378360E+02
  0.1032519E+04
  0.1269229E+03
  0.8751231E+02
  0.1176145E+04
  0.1735807E+03
  0.8764568E+02
