      1418
  0.1000004E+02
  0.1264509E+02
  0.2570778E+03
  0.4652195E+04
  0.7115774E+05
  0.2255033E+05
  0.2194927E+03
  0.4584678E+05
  0.1525649E+05
  0.2141769E+05
  0.2399776E+03
  0.3053063E+05
  0.2289146E+02
  0.3573842E+05
  0.6366718E+04
  0.8673819E+04
  0.1587462E+03
  0.1580778E+02
  0.4292967E+05
  0.2458297E+02
  0.1449618E+02
  0.2188261E+02
  0.1719032E+04
  0.5079337E+05
  0.2007073E+02
  0.4437705E+05
  0.2329639E+02
  0.3556851E+04
  0.2565478E+05
  0.3050077E+02
  0.9512573E+05
  0.1297183E+05
  0.1198561E+02
  0.4780294E+02
  0.9527375E+05
  0.1034594E+05
  0.7445520E+02
  0.4336809E+04
  0.1432431E+04
  0.8322494E+03
  0.2274604E+05
  0.1263807E+02
  0.9068423E+05
  0.2203346E+04
  0.1170231E+05
  0.6015440E+03
  0.6886845E+04
  0.1506969E+05
  0.5685981E+03
  0.6839324E+02
  0.8403276E+04
  0.4601762E+04
  0.7732088E+04
  0.7012678E+02
  0.1710040E+03
  0.1127082E+03
  0.1021371E+05
  0.1581897E+04
  0.3522863E+04
  0.3342269E+04
  0.9530956E+03
  0.7634493E+03
  0.3090721E+02
  0.1379072E+04
  0.5978997E+02
  0.7440830E+05
  0.2274683E+04
  0.1176233E+02
  0.1808718E+03
  0.1633850E+04
  0.5071468E+04
  0.1168243E+02
  0.1155111E+03
  0.6974614E+03
  0.2237691E+05
  0.8237819E+02
  0.3119335E+04
  0.1519941E+02
  0.1238483E+04
  0.1732750E+05
  0.2123929E+03
  0.3695832E+05
  0.6475316E+04
  0.9641191E+04
  0.1087148E+03
  0.4843952E+04
  0.4167709E+04
  0.5517980E+05
  0.7674161E+05
  0.1008809E+04
  0.5238453E+03
  0.1855507E+03
  0.2598586E+04
  0.4729705E+02
  0.5079524E+05
  0.1387592E+04
  0.1416327E+04
  0.1817536E+04
  0.3012081E+03
  0.8961187E+03
  0.5895401E+02
  0.2577187E+04
  0.3599583E+04
  0.8149366E+03
  0.9691404E+04
  0.4397971E+04
  0.7933932E+05
  0.3606216E+05
  0.1366415E+05
  0.8148896E+05
  0.3768590E+04
  0.1697837E+03
  0.8928419E+02
  0.1361212E+03
  0.5721602E+05
  0.7594248E+02
  0.5074259E+04
  0.1557323E+04
  0.1062030E+03
  0.4882894E+02
  0.2373493E+05
  0.2932795E+05
  0.6667611E+03
  0.2700697E+04
  0.3312298E+04
  0.5758352E+02
  0.2302572E+02
  0.6712902E+04
  0.1063381E+03
  0.1509321E+03
  0.3278143E+03
  0.4161422E+02
  0.2975770E+05
  0.7074597E+05
  0.5704637E+02
  0.4881837E+04
  0.6396970E+02
  0.6930933E+05
  0.2549985E+04
  0.8842375E+04
  0.4935688E+05
  0.2584676E+03
  0.8159130E+05
  0.1241172E+05
  0.1892652E+04
  0.5347244E+02
  0.3393714E+04
  0.1726621E+05
  0.4158569E+02
  0.2486838E+04
  0.4313078E+04
  0.3218919E+03
  0.1862200E+05
  0.1511183E+04
  0.8489564E+05
  0.5200730E+05
  0.1772270E+05
  0.1645183E+02
  0.6382049E+02
  0.3351482E+04
  0.2630123E+02
  0.4517871E+02
  0.1186507E+04
  0.6865526E+02
  0.1173464E+03
  0.1896013E+02
  0.1206149E+02
  0.1664894E+05
  0.1464283E+04
  0.5810553E+05
  0.7539526E+04
  0.1451511E+04
  0.1260225E+05
  0.1487327E+02
  0.1013603E+03
  0.2881201E+04
  0.2691824E+03
  0.7716280E+02
  0.4406762E+05
  0.6521150E+02
  0.6621448E+05
  0.2906558E+05
  0.5937828E+04
  0.8999511E+02
  0.3272016E+03
  0.4208538E+05
  0.3612396E+03
  0.1487545E+04
  0.8019081E+04
  0.4087883E+05
  0.2098682E+03
  0.4123337E+02
  0.2095002E+05
  0.2968188E+04
  0.1506554E+05
  0.1597034E+02
  0.9043869E+04
  0.2553884E+04
  0.6092456E+05
  0.6796690E+02
  0.3631512E+05
  0.8207156E+03
  0.2272584E+03
  0.3334010E+05
  0.3805899E+04
  0.1035425E+04
  0.2909354E+04
  0.1734194E+04
  0.1822829E+03
  0.3035562E+05
  0.6893361E+02
  0.3371154E+02
  0.1090571E+03
  0.5600128E+04
  0.9177220E+02
  0.2486362E+05
  0.5025067E+04
  0.4303895E+02
  0.2469233E+03
  0.2862374E+04
  0.4649525E+03
  0.1516631E+05
  0.4032983E+03
  0.1508180E+04
  0.2343231E+03
  0.1179094E+05
  0.6476764E+02
  0.1110559E+05
  0.1386200E+04
  0.6560199E+03
  0.6249989E+02
  0.1023940E+05
  0.1484667E+03
  0.6450941E+02
  0.3437686E+04
  0.2084966E+03
  0.1145137E+05
  0.5098821E+03
  0.1955152E+02
  0.5427014E+04
  0.7637755E+05
  0.1771252E+05
  0.4333948E+02
  0.6328625E+02
  0.5882931E+03
  0.3701185E+05
  0.1479648E+05
  0.5429092E+05
  0.1464355E+02
  0.8416402E+02
  0.7120199E+03
  0.1599183E+03
  0.4410810E+03
  0.1895411E+04
  0.3311150E+05
  0.3535937E+05
  0.6375454E+04
  0.1543449E+03
  0.1152578E+04
  0.1902188E+04
  0.7175340E+03
  0.3459841E+04
  0.2272540E+04
  0.3764194E+04
  0.2513125E+03
  0.1687907E+04
  0.1174107E+05
  0.4549554E+04
  0.1035502E+02
  0.5114166E+03
  0.7369301E+05
  0.1860206E+02
  0.8746146E+04
  0.2244183E+03
  0.1847410E+02
  0.2070895E+05
  0.4538883E+03
  0.1655441E+02
  0.4099091E+05
  0.1631383E+03
  0.2988555E+02
  0.4006615E+03
  0.6211901E+05
  0.4292550E+03
  0.2469061E+04
  0.9027970E+04
  0.8158514E+05
  0.8270231E+02
  0.2858757E+03
  0.1702449E+03
  0.7218634E+05
  0.7854436E+03
  0.4405019E+03
  0.6946062E+02
  0.3809228E+05
  0.1757505E+02
  0.2386625E+05
  0.1964719E+03
  0.2492296E+03
  0.1201262E+03
  0.7875851E+05
  0.5963262E+05
  0.3125339E+05
  0.7878281E+03
  0.3876830E+03
  0.9074475E+04
  0.1319874E+04
  0.1836737E+04
  0.2808802E+02
  0.2513962E+02
  0.6703869E+03
  0.4614232E+04
  0.3259133E+04
  0.2049997E+02
  0.2856156E+05
  0.8649271E+04
  0.1489357E+05
  0.1017814E+03
  0.3811498E+05
  0.2176651E+02
  0.1220916E+05
  0.1488301E+02
  0.6869220E+03
  0.3014899E+03
  0.3598331E+05
  0.1596933E+03
  0.8088652E+02
  0.1492190E+02
  0.2977096E+05
  0.1222856E+05
  0.2438894E+04
  0.4956557E+05
  0.1810377E+02
  0.9352151E+04
  0.3967764E+02
  0.1532035E+04
  0.3983082E+02
  0.1368308E+02
  0.2166361E+03
  0.2830967E+02
  0.1351882E+03
  0.5928904E+03
  0.2906770E+02
  0.4270885E+03
  0.3881138E+02
  0.1804134E+02
  0.6842968E+02
  0.2897880E+05
  0.1855772E+02
  0.8874289E+03
  0.7751973E+05
  0.4031922E+03
  0.6538391E+02
  0.4730806E+05
  0.3684951E+05
  0.1761357E+04
  0.4454522E+03
  0.9225625E+04
  0.2591149E+02
  0.7657705E+05
  0.4501965E+02
  0.4245994E+03
  0.9057007E+03
  0.3084708E+03
  0.1981864E+05
  0.1024859E+03
  0.6201597E+05
  0.1115570E+04
  0.8638057E+04
  0.3599036E+04
  0.1342524E+02
  0.3653240E+02
  0.5797450E+05
  0.6464078E+02
  0.2680427E+05
  0.8018162E+02
  0.2346739E+04
  0.2442235E+05
  0.1676853E+04
  0.6021206E+04
  0.1060291E+03
  0.3774324E+04
  0.3505096E+05
  0.5349460E+05
  0.2511561E+02
  0.1953247E+05
  0.2650302E+05
  0.9501867E+03
  0.5890022E+04
  0.1706245E+04
  0.1559392E+05
  0.4867986E+04
  0.8385423E+03
  0.1709967E+05
  0.1783269E+05
  0.8555252E+02
  0.2543473E+02
  0.6805927E+04
  0.1677812E+04
  0.2489683E+03
  0.2627769E+03
  0.7214224E+02
  0.1093973E+03
  0.2902788E+05
  0.7638995E+02
  0.5572456E+02
  0.8156664E+02
  0.2773276E+03
  0.8634388E+04
  0.1986424E+03
  0.6216477E+04
  0.4097385E+03
  0.5807508E+03
  0.2357317E+03
  0.2048249E+05
  0.1119993E+05
  0.4559779E+04
  0.3269892E+05
  0.2389566E+05
  0.8924445E+05
  0.4171882E+04
  0.2519959E+05
  0.4107315E+05
  0.2428946E+05
  0.6706513E+02
  0.3699470E+04
  0.3531726E+02
  0.5899140E+02
  0.7358804E+05
  0.2770378E+03
  0.4417970E+02
  0.1168144E+02
  0.9779062E+03
  0.7688292E+05
  0.3505695E+04
  0.3429060E+05
  0.2436691E+05
  0.3200339E+04
  0.1731228E+02
  0.2049794E+03
  0.1610747E+03
  0.3127260E+02
  0.4220855E+05
  0.1028621E+03
  0.4574586E+02
  0.1287396E+03
  0.8840546E+05
  0.2021634E+04
  0.1624848E+04
  0.2318182E+04
  0.1154214E+05
  0.2513557E+05
  0.3419639E+04
  0.1999488E+04
  0.3676449E+02
  0.3614452E+05
  0.2294196E+02
  0.7107170E+05
  0.3309440E+03
  0.7236567E+05
  0.5837521E+02
  0.3361956E+04
  0.6421461E+03
  0.6774774E+03
  0.4470040E+05
  0.2435257E+04
  0.1517515E+02
  0.2293918E+02
  0.9582532E+03
  0.2635927E+04
  0.2019269E+02
  0.7823028E+03
  0.2114044E+05
  0.2998110E+02
  0.1557951E+02
  0.6293319E+04
  0.4155510E+05
  0.1827744E+03
  0.1719336E+02
  0.2489766E+02
  0.7070307E+05
  0.2090162E+02
  0.3095411E+03
  0.1753503E+05
  0.4075351E+05
  0.6511225E+03
  0.2037173E+05
  0.1919614E+03
  0.1298279E+03
  0.2460003E+03
  0.5406557E+02
  0.1675905E+03
  0.4333752E+02
  0.2618221E+05
  0.2932225E+05
  0.1944237E+04
  0.3080243E+03
  0.3624969E+02
  0.8311968E+05
  0.1167359E+04
  0.1358795E+04
  0.3614046E+02
  0.7564363E+03
  0.1569490E+03
  0.3508674E+05
  0.7851318E+04
  0.1184771E+05
  0.1069100E+03
  0.2156870E+03
  0.6220005E+04
  0.4747438E+02
  0.2143232E+03
  0.4330050E+04
  0.1436614E+04
  0.5071530E+03
  0.2089425E+05
  0.4821139E+05
  0.7386747E+05
  0.1448596E+04
  0.8714537E+04
  0.7083276E+05
  0.1522060E+04
  0.6858377E+02
  0.5499556E+04
  0.1911653E+04
  0.8615837E+04
  0.3103138E+02
  0.2434540E+03
  0.1409670E+05
  0.9527062E+03
  0.2044059E+05
  0.2302534E+02
  0.2683782E+05
  0.1772369E+03
  0.3592157E+03
  0.3858459E+03
  0.3474095E+03
  0.6711485E+03
  0.1307623E+05
  0.1025561E+05
  0.6297632E+05
  0.2785050E+03
  0.1159915E+02
  0.4158042E+05
  0.4152738E+04
  0.4910211E+04
  0.2006914E+02
  0.4441806E+02
  0.2344379E+04
  0.3508302E+03
  0.1932149E+04
  0.1203181E+04
  0.1942302E+04
  0.8134183E+05
  0.1169645E+05
  0.2533856E+05
  0.8227985E+02
  0.7023742E+05
  0.1711998E+03
  0.1134500E+03
  0.1483243E+04
  0.8327034E+02
  0.7429172E+04
  0.7257114E+05
  0.2712516E+04
  0.1960008E+04
  0.3729873E+04
  0.1406896E+05
  0.7431433E+02
  0.1782842E+04
  0.2952158E+02
  0.5626262E+05
  0.1712814E+05
  0.1296164E+03
  0.1439696E+04
  0.8147977E+04
  0.1945344E+04
  0.9727219E+03
  0.3678185E+05
  0.1344446E+05
  0.2664448E+02
  0.1706161E+04
  0.7600907E+04
  0.2559126E+02
  0.1723759E+02
  0.3141279E+04
  0.1146926E+04
  0.3171071E+04
  0.9040388E+04
  0.7258196E+02
  0.1296394E+03
  0.3537346E+03
  0.1049066E+02
  0.2535023E+05
  0.2314048E+05
  0.2596348E+02
  0.1917154E+05
  0.4397910E+03
  0.2449505E+04
  0.3904159E+04
  0.1959328E+02
  0.2101601E+03
  0.6647507E+05
  0.1716071E+04
  0.3798267E+04
  0.5157278E+03
  0.7175795E+05
  0.2967947E+02
  0.1298424E+05
  0.2310579E+05
  0.3453021E+04
  0.1119940E+04
  0.7456827E+04
  0.3949847E+02
  0.1143690E+02
  0.3224083E+03
  0.2763295E+03
  0.1142924E+05
  0.4154366E+02
  0.9735813E+03
  0.7799076E+05
  0.1277394E+05
  0.3401420E+03
  0.3401907E+05
  0.4538037E+05
  0.8794456E+05
  0.6145470E+03
  0.9914584E+04
  0.6066412E+02
  0.7677919E+04
  0.3094201E+02
  0.8556924E+03
  0.2469928E+03
  0.2045500E+04
  0.5923997E+04
  0.2699022E+04
  0.1301914E+04
  0.4409405E+04
  0.1187604E+04
  0.2464109E+04
  0.9337114E+02
  0.1797545E+04
  0.8701926E+05
  0.5096073E+04
  0.1516805E+05
  0.7825845E+05
  0.8517337E+03
  0.1630898E+04
  0.2494035E+05
  0.2657756E+03
  0.1105300E+04
  0.1420384E+04
  0.1779192E+03
  0.2191925E+05
  0.3669582E+03
  0.2698952E+03
  0.2231261E+03
  0.6261936E+04
  0.2156234E+05
  0.8537570E+04
  0.8918143E+04
  0.6250800E+05
  0.1538075E+02
  0.2605699E+03
  0.6677935E+04
  0.2414677E+05
  0.2654878E+04
  0.8665051E+02
  0.3055149E+02
  0.6446660E+02
  0.1353241E+03
  0.3612222E+05
  0.1442571E+05
  0.3540821E+03
  0.5848131E+05
  0.6444310E+03
  0.9412934E+05
  0.2233191E+04
  0.4839642E+04
  0.3605402E+02
  0.6199234E+05
  0.2950631E+03
  0.2888166E+05
  0.2523232E+05
  0.2776679E+03
  0.1746139E+02
  0.1925923E+02
  0.4805147E+05
  0.8158762E+02
  0.1298297E+02
  0.1648400E+02
  0.1334948E+02
  0.2007194E+02
  0.6429304E+03
  0.1128219E+04
  0.1973037E+04
  0.2272841E+02
  0.3077913E+04
  0.1480964E+04
  0.9291225E+04
  0.1507959E+02
  0.2137920E+04
  0.7004640E+02
  0.1986519E+05
  0.3486926E+03
  0.1888894E+04
  0.3528604E+03
  0.8364533E+04
  0.1398371E+03
  0.1149484E+02
  0.6661020E+04
  0.3598852E+02
  0.1810255E+02
  0.1230527E+02
  0.9472616E+05
  0.3583481E+04
  0.1162950E+05
  0.1538886E+02
  0.2291357E+02
  0.4139239E+05
  0.2069518E+03
  0.3162264E+05
  0.9145578E+03
  0.6212756E+04
  0.2204233E+05
  0.2217007E+02
  0.4221413E+03
  0.3408165E+04
  0.2773286E+03
  0.2230226E+04
  0.1812280E+03
  0.3509674E+04
  0.6698822E+04
  0.3703342E+04
  0.1454104E+02
  0.3208458E+02
  0.2424405E+04
  0.6612141E+03
  0.2991411E+05
  0.1036265E+03
  0.1399409E+05
  0.9611756E+05
  0.4709310E+02
  0.3788325E+04
  0.1198004E+05
  0.1832718E+03
  0.2590126E+04
  0.1562693E+03
  0.6689006E+02
  0.6808367E+05
  0.2250756E+04
  0.1685983E+02
  0.5765175E+03
  0.2081638E+05
  0.8648733E+03
  0.4483312E+05
  0.7357866E+05
  0.7121536E+04
  0.1032009E+03
  0.2707434E+02
  0.1651842E+03
  0.2834907E+04
  0.3571623E+03
  0.1149570E+05
  0.2596922E+02
  0.1109129E+02
  0.8937050E+05
  0.5363365E+04
  0.1055738E+02
  0.6965144E+05
  0.1943528E+03
  0.1723369E+03
  0.9255822E+03
  0.5376469E+02
  0.7354028E+05
  0.4986718E+02
  0.7481959E+02
  0.1476474E+04
  0.1227358E+04
  0.1459934E+04
  0.1141776E+04
  0.2540326E+04
  0.6612955E+02
  0.6464062E+05
  0.1429841E+03
  0.2239544E+02
  0.8675688E+02
  0.6194616E+04
  0.1412197E+05
  0.6166554E+02
  0.1381054E+03
  0.9103649E+05
  0.4368826E+04
  0.9900777E+03
  0.1123595E+04
  0.5715978E+04
  0.2600761E+04
  0.1914412E+02
  0.4180110E+03
  0.1374586E+02
  0.3089658E+05
  0.1492170E+03
  0.1861853E+04
  0.1729597E+05
  0.6069379E+05
  0.4925102E+02
  0.2031471E+05
  0.1432891E+04
  0.1210632E+02
  0.2387416E+03
  0.2315524E+03
  0.1711695E+05
  0.1173742E+03
  0.5258097E+04
  0.5525032E+05
  0.6067531E+05
  0.4326350E+05
  0.1885581E+05
  0.3149959E+02
  0.4232025E+03
  0.5034987E+02
  0.5566212E+05
  0.3053542E+03
  0.1906652E+05
  0.1012984E+05
  0.4097129E+05
  0.2744180E+03
  0.4417747E+03
  0.1064039E+05
  0.1216629E+05
  0.3395656E+02
  0.7593790E+03
  0.4843652E+04
  0.6660423E+03
  0.7408601E+05
  0.1826933E+02
  0.2214196E+03
  0.9716372E+02
  0.1045777E+05
  0.1310889E+03
  0.7984016E+05
  0.1795132E+04
  0.7268951E+05
  0.4715819E+04
  0.1604137E+04
  0.2079275E+03
  0.7752700E+03
  0.4226961E+02
  0.5827114E+04
  0.4601663E+02
  0.6368625E+03
  0.9138213E+05
  0.7998343E+03
  0.3632663E+03
  0.8683190E+05
  0.1940600E+05
  0.6554325E+05
  0.3115140E+02
  0.3938683E+03
  0.1598139E+05
  0.1055747E+04
  0.1337663E+05
  0.3510247E+02
  0.1937860E+02
  0.3088380E+03
  0.2746117E+03
  0.6235406E+05
  0.2803867E+02
  0.5685921E+02
  0.5973475E+05
  0.1412879E+02
  0.5737369E+02
  0.1167828E+03
  0.5578562E+05
  0.1605357E+04
  0.4039045E+03
  0.7090023E+05
  0.4674766E+04
  0.9467021E+03
  0.5736229E+04
  0.1943085E+03
  0.1054685E+04
  0.4050949E+04
  0.6578710E+03
  0.4733700E+02
  0.1814644E+05
  0.1315013E+02
  0.1517408E+04
  0.3318205E+02
  0.1269817E+03
  0.4326598E+02
  0.2573871E+05
  0.3945031E+05
  0.1061169E+02
  0.1626368E+03
  0.1287645E+03
  0.1766177E+03
  0.3294345E+05
  0.1068099E+02
  0.3702344E+04
  0.7731540E+05
  0.4140622E+05
  0.3623878E+05
  0.2081670E+03
  0.3001121E+05
  0.1557655E+02
  0.1886695E+02
  0.1678930E+02
  0.2015211E+04
  0.1736081E+02
  0.1075096E+05
  0.2315916E+03
  0.1438313E+05
  0.1472812E+03
  0.1137854E+03
  0.3438365E+05
  0.1081708E+03
  0.2152682E+05
  0.1090128E+02
  0.1567606E+05
  0.2324223E+05
  0.1090881E+04
  0.3091968E+05
  0.1533992E+05
  0.3150880E+04
  0.1633597E+05
  0.1359313E+04
  0.3347328E+03
  0.1134576E+02
  0.1146771E+04
  0.7681275E+02
  0.2066515E+02
  0.3056046E+04
  0.6246803E+02
  0.2056770E+05
  0.1345608E+03
  0.2003231E+03
  0.2506901E+03
  0.7509630E+02
  0.1056548E+04
  0.2835287E+02
  0.2586550E+04
  0.3582862E+05
  0.1691824E+02
  0.5011215E+04
  0.2270435E+05
  0.6287575E+05
  0.8035541E+02
  0.1480494E+05
  0.8662649E+04
  0.2482273E+04
  0.1581478E+02
  0.1026918E+02
  0.1804623E+04
  0.2958931E+03
  0.4548416E+02
  0.3870170E+03
  0.1176706E+05
  0.3757996E+05
  0.4504366E+04
  0.5298115E+03
  0.1743151E+02
  0.3551602E+04
  0.3190430E+04
  0.3600594E+02
  0.8408684E+02
  0.4478279E+02
  0.1299899E+02
  0.3678559E+03
  0.5688515E+04
  0.1292583E+04
  0.5327244E+04
  0.2458844E+03
  0.1231107E+04
  0.1835142E+05
  0.1329160E+02
  0.9428530E+04
  0.1857801E+02
  0.9655007E+02
  0.3831445E+03
  0.2486750E+05
  0.5828782E+02
  0.7338877E+05
  0.5133809E+05
  0.4268190E+04
  0.2537932E+04
  0.1199519E+05
  0.4528427E+04
  0.1043449E+03
  0.2040122E+04
  0.7864217E+05
  0.1572396E+03
  0.6066768E+05
  0.5266691E+03
  0.3861731E+05
  0.6598200E+04
  0.2815251E+02
  0.9282693E+04
  0.4801606E+04
  0.1517329E+03
  0.4326639E+04
  0.1221376E+03
  0.4850818E+04
  0.1806668E+04
  0.7629894E+04
  0.3423647E+04
  0.2499001E+02
  0.3843271E+03
  0.2134394E+03
  0.1003398E+02
  0.9307047E+04
  0.1226315E+02
  0.1861581E+02
  0.9163536E+03
  0.1197785E+05
  0.1042954E+03
  0.1011711E+04
  0.4526914E+03
  0.8829052E+04
  0.5907786E+02
  0.7741269E+05
  0.1359404E+02
  0.1300137E+05
  0.2208746E+02
  0.3277376E+04
  0.6511742E+03
  0.1758725E+05
  0.4780864E+04
  0.6423053E+02
  0.2253989E+05
  0.1691420E+05
  0.2059841E+04
  0.3906876E+03
  0.7235640E+04
  0.7271459E+04
  0.2291279E+02
  0.6248515E+05
  0.9870475E+04
  0.1758779E+03
  0.2353595E+02
  0.9291661E+04
  0.4997137E+03
  0.4088548E+05
  0.1010360E+04
  0.1543327E+04
  0.3139929E+05
  0.1749600E+05
  0.2078720E+04
  0.8857860E+04
  0.1632940E+04
  0.4973433E+04
  0.1984481E+03
  0.1225338E+03
  0.2278659E+05
  0.3033149E+05
  0.2457424E+02
  0.1463051E+05
  0.3867646E+04
  0.3946007E+03
  0.5811054E+02
  0.2416623E+04
  0.6398985E+05
  0.2147369E+05
  0.1220980E+04
  0.3013935E+05
  0.3003168E+03
  0.6893731E+04
  0.3009354E+04
  0.6570766E+04
  0.5613130E+05
  0.2752806E+02
  0.2744702E+03
  0.9392729E+05
  0.7313116E+05
  0.1121916E+05
  0.1421366E+03
  0.4987831E+05
  0.5282106E+05
  0.7916554E+04
  0.4857837E+02
  0.8885455E+03
  0.2371610E+04
  0.8558814E+05
  0.3460070E+05
  0.2303926E+04
  0.3976328E+02
  0.2785273E+05
  0.1651669E+03
  0.3559788E+05
  0.7882930E+05
  0.4133094E+02
  0.2891662E+04
  0.3896537E+05
  0.4471546E+02
  0.4179268E+04
  0.9271143E+03
  0.2540036E+04
  0.5867114E+03
  0.2932383E+05
  0.1308120E+05
  0.1404203E+03
  0.5865591E+05
  0.1161174E+02
  0.5584412E+02
  0.2259076E+02
  0.2430571E+03
  0.2248299E+02
  0.7800777E+03
  0.2358234E+04
  0.9548281E+04
  0.5579011E+02
  0.8180132E+04
  0.2304886E+05
  0.3881758E+03
  0.1433031E+05
  0.1417379E+03
  0.8764427E+03
  0.6256306E+05
  0.3752990E+02
  0.9511726E+05
  0.2932605E+02
  0.3133736E+04
  0.7514250E+03
  0.3453640E+03
  0.2920531E+02
  0.1599657E+03
  0.6551807E+02
  0.8818316E+02
  0.4325859E+03
  0.1130131E+03
  0.4547334E+02
  0.2535144E+03
  0.9068970E+04
  0.1192559E+03
  0.9805560E+03
  0.6791949E+04
  0.8165573E+05
  0.2769929E+02
  0.3405294E+02
  0.6434144E+03
  0.8583258E+05
  0.6087477E+03
  0.2464951E+04
  0.1707668E+05
  0.9549208E+02
  0.5029579E+04
  0.1160619E+04
  0.2580959E+02
  0.1004410E+03
  0.1007494E+05
  0.1047913E+02
  0.6862708E+03
  0.4418357E+03
  0.3949507E+05
  0.1145951E+04
  0.1667111E+02
  0.2376081E+05
  0.7484982E+05
  0.1872440E+03
  0.2961363E+03
  0.3795620E+02
  0.1637186E+04
  0.2694458E+03
  0.1012492E+02
  0.3082807E+04
  0.8411800E+04
  0.1911968E+03
  0.2531299E+05
  0.2676888E+02
  0.2818867E+02
  0.7665382E+03
  0.8634424E+04
  0.7640584E+04
  0.9749486E+03
  0.3971452E+04
  0.2373532E+02
  0.5305303E+03
  0.1903735E+02
  0.8616107E+05
  0.5819683E+05
  0.1586978E+04
  0.5917485E+05
  0.2400187E+05
  0.6024499E+05
  0.9644021E+02
  0.9977373E+05
  0.3380719E+05
  0.6734527E+04
  0.1309168E+05
  0.1581089E+04
  0.4364503E+02
  0.7834564E+05
  0.1167424E+04
  0.8736641E+02
  0.3857070E+03
  0.1674459E+05
  0.3106973E+02
  0.2546794E+04
  0.7375400E+03
  0.1251896E+02
  0.2836090E+04
  0.1211714E+03
  0.1549574E+03
  0.1497432E+02
  0.1875079E+03
  0.1768159E+03
  0.9418629E+04
  0.2427520E+05
  0.2780663E+05
  0.3685743E+04
  0.9464336E+04
  0.1725434E+05
  0.8171304E+04
  0.6883374E+05
  0.4573372E+02
  0.2242875E+04
  0.1924873E+03
  0.2943393E+05
  0.3173176E+04
  0.2463667E+05
  0.1492458E+02
  0.2354713E+05
  0.3230702E+02
  0.9842510E+04
  0.8376001E+03
  0.6467911E+03
  0.1101611E+05
  0.2417120E+03
  0.1492713E+02
  0.5634694E+04
  0.2181056E+03
  0.9274687E+03
  0.4733714E+03
  0.1084942E+04
  0.3443989E+02
  0.5743829E+03
  0.2358613E+05
  0.4087221E+03
  0.3548596E+02
  0.1505241E+04
  0.4191760E+02
  0.9234345E+03
  0.1278011E+04
  0.1244960E+03
  0.4891086E+05
  0.2044968E+05
  0.1253000E+03
  0.1977148E+02
  0.2789734E+02
  0.2790381E+03
  0.1501693E+02
  0.7758578E+04
  0.6866141E+02
  0.1816590E+04
  0.1598366E+03
  0.1225087E+02
  0.3393781E+04
  0.1298063E+04
  0.1636848E+02
  0.1072882E+05
  0.1251094E+03
  0.2296126E+04
  0.2785510E+02
  0.6828086E+02
  0.1845032E+05
  0.2098268E+04
  0.7223543E+05
  0.1040018E+02
  0.5062994E+02
  0.2983545E+04
  0.1327045E+04
  0.3918865E+03
  0.4439821E+02
  0.2592499E+02
  0.1381518E+03
  0.6802652E+02
  0.1036858E+04
  0.1912044E+03
  0.3534683E+04
  0.4928332E+03
  0.8049396E+03
  0.1166104E+02
  0.3522495E+02
  0.6326516E+04
  0.3189723E+02
  0.3482100E+02
  0.2178599E+02
  0.8208489E+05
  0.7159209E+02
  0.2483357E+04
  0.1007973E+03
  0.1570847E+04
  0.1326368E+02
  0.2390381E+05
  0.3854522E+04
  0.2919032E+05
  0.5625146E+02
  0.6453804E+04
  0.2883501E+02
  0.9438623E+04
  0.6618168E+05
  0.9371039E+03
  0.1537859E+02
  0.2032738E+05
  0.1856904E+03
  0.6839818E+03
  0.1429659E+05
  0.4460397E+03
  0.2132015E+05
  0.1732281E+05
  0.2590628E+02
  0.2684710E+02
  0.1418079E+04
  0.1748064E+04
  0.1642690E+02
  0.2699822E+02
  0.3160298E+05
  0.2331378E+03
  0.3592040E+04
  0.3169575E+03
  0.6768904E+04
  0.2729015E+03
  0.2790315E+05
  0.2531132E+02
  0.2332858E+03
  0.7055390E+05
  0.2198746E+03
  0.8279088E+02
  0.2030126E+03
  0.7936814E+02
  0.1175017E+03
  0.7831577E+03
  0.2067281E+05
  0.1313802E+05
  0.3710220E+05
  0.1245868E+05
  0.1536086E+04
  0.1429707E+04
  0.3090472E+05
  0.6002730E+02
  0.1426803E+04
  0.3271948E+05
  0.1027263E+03
  0.1867610E+03
  0.1732068E+05
  0.1906883E+05
  0.3667455E+04
  0.1345311E+05
  0.2318389E+04
  0.7284139E+04
  0.3049583E+02
  0.1728380E+05
  0.1236757E+02
  0.4980743E+05
  0.5337884E+04
  0.3587085E+05
  0.2639718E+05
  0.3397040E+02
  0.9491768E+04
  0.1392703E+04
  0.3141078E+02
  0.4586486E+05
  0.2672805E+05
  0.8967443E+03
  0.7944067E+05
  0.3937991E+02
  0.1219784E+02
  0.2272402E+03
  0.1086989E+03
  0.1029760E+04
  0.4345155E+03
  0.1374596E+04
  0.1643216E+04
  0.4069412E+04
  0.4663060E+04
  0.2666165E+04
  0.2413214E+05
  0.8912679E+04
  0.9845761E+04
  0.4802100E+05
  0.2399663E+04
  0.1776285E+02
  0.8315062E+05
  0.3323764E+04
  0.2843717E+05
  0.2210636E+03
  0.5740800E+02
  0.4039897E+03
  0.5770995E+02
  0.3002214E+02
  0.2254327E+04
  0.1371361E+02
  0.1221848E+04
  0.1163783E+04
  0.4180698E+02
  0.1527834E+02
  0.1635738E+04
  0.8179045E+04
  0.1068346E+05
  0.1389796E+03
  0.3388955E+02
  0.1919363E+02
  0.3124657E+05
  0.2157915E+03
  0.1021543E+02
  0.4103760E+05
  0.2307731E+04
  0.5192987E+05
  0.2130429E+02
  0.8066192E+03
  0.3587929E+04
  0.7454271E+05
  0.9792277E+04
  0.1027202E+04
  0.7559402E+05
  0.1137882E+05
  0.2088268E+03
  0.1243497E+04
